episode, reward, success, duration, steps, total_steps, memory length, avg_critic_loss, avg_actor_loss
1, -12308.742876768112, 2, 15.15980853300016, 1252, 25288,                                                 0, 0.0, 0.0
2, -13590.298858880997, 4, 50.319738720999794, 3798, 29086,                                                 0, 0.0, 0.0
3, -6920.687515497208, 3, 13.357017777000237, 1025, 30111,                                                 0, 0.0, 0.0
4, -8036.528559684753, 3, 14.146317812999769, 1026, 31137,                                                 0, 0.0, 0.0
5, -6345.622535586357, 3, 13.574542208999901, 984, 32121,                                                 0, 0.0, 0.0
6, -8423.805510044098, 2, 13.341619940999863, 952, 33073,                                                 0, 0.0, 0.0
7, -8490.197742938995, 2, 14.949204093999924, 1121, 34194,                                                 0, 0.0, 0.0
8, -7275.797328829765, 2, 14.160272157000236, 1057, 35251,                                                 0, 0.0, 0.0
9, -10820.034227013588, 3, 27.174028793999696, 2036, 37287,                                                 0, 0.0, 0.0
10, -5862.8211669921875, 3, 14.135997476999819, 1069, 38356,                                                 0, 0.0, 0.0
11, -7552.7327880859375, 2, 12.941813163999996, 935, 39291,                                                 0, 0.0, 0.0
12, -7383.293758630753, 2, 13.141566825000154, 949, 40240,                                                 0, 0.0, 0.0
13, -8514.475645065308, 2, 13.363450265999745, 1023, 41263,                                                 0, 0.0, 0.0
14, -23903.833882570267, 2, 38.81120624599998, 2940, 44203,                                                 0, 0.0, 0.0
15, -6564.993996977806, 3, 13.559724453999934, 1063, 45266,                                                 0, 0.0, 0.0
16, -12661.922725081444, 2, 28.400538424000388, 2212, 47478,                                                 0, 0.0, 0.0
17, -5483.31190431118, 2, 13.131481758000064, 984, 48462,                                                 0, 0.0, 0.0
18, -7389.541994333267, 3, 13.943382667999686, 1043, 49505,                                                 0, 0.0, 0.0
19, -6907.107018470764, 2, 13.344455029000073, 980, 50485,                                                 0, 0.0, 0.0
20, -6013.5189526081085, 2, 8.774298483000166, 682, 51167,                                                 0, 0.0, 0.0
21, -18455.01956140995, 4, 50.440962373000275, 4034, 55201,                                                 0, 0.0, 0.0
22, -7017.316833496094, 1, 33.409674239000196, 2705, 57906,                                                 0, 0.0, 0.0
23, -10007.218286514282, 3, 33.79075362200001, 2733, 60639,                                                 0, 0.0, 0.0
24, -11946.523726940155, 3, 27.589484829999947, 2220, 62859,                                                 0, 0.0, 0.0
25, -8739.718814134598, 2, 23.162760856000205, 1852, 64711,                                                 0, 0.0, 0.0
26, -9007.297616004944, 2, 14.155966111999987, 1102, 65813,                                                 0, 0.0, 0.0
27, -6584.248548746109, 2, 13.53632417100016, 1004, 66817,                                                 0, 0.0, 0.0
28, -13808.906685709953, 4, 50.43838024899969, 3890, 70707,                                                 0, 0.0, 0.0
29, -16863.73352587223, 4, 50.235289448, 3945, 74652,                                                 0, 0.0, 0.0
30, -16439.255896806717, 4, 50.22720771000013, 3981, 78633,                                                 0, 0.0, 0.0
31, -9047.26342010498, 2, 13.538308102000428, 1048, 79681,                                                 0, 0.0, 0.0
32, -6505.825903892517, 2, 13.159953420999955, 1005, 80686,                                                 0, 0.0, 0.0
33, -16819.146332025528, 2, 26.975058465000075, 2075, 82761,                                                 0, 0.0, 0.0
34, -7763.080568194389, 3, 15.765575370000079, 1218, 83979,                                                 0, 0.0, 0.0
35, -16707.009534597397, 2, 36.39601944599963, 2795, 86774,                                                 0, 0.0, 0.0
36, -6586.073311805725, 3, 14.157168576999993, 1080, 87854,                                                 0, 0.0, 0.0
37, -9638.790847301483, 2, 21.761740073000055, 1666, 89520,                                                 0, 0.0, 0.0
38, -7516.103642702103, 3, 14.560637869999937, 1110, 90630,                                                 0, 0.0, 0.0
39, -10770.306629657745, 3, 24.565964453000106, 1909, 92539,                                                 0, 0.0, 0.0
40, -19907.199865460396, 4, 50.069464659999994, 3795, 96334,                                                 0, 0.0, 0.0
41, -7883.972035646439, 3, 15.163732371999686, 1154, 97488,                                                 0, 0.0, 0.0
42, -6614.563803195953, 2, 12.760138214999643, 966, 98454,                                                 0, 0.0, 0.0
43, -6387.784577846527, 3, 14.344853020999835, 1048, 99502,                                                 0, 0.0, 0.0
44, -6909.676398277283, 2, 10.131098706000103, 747, 100249,                                                 0, 0.0, 0.0
45, -7885.936549901962, 3, 14.588200139000037, 1094, 101343,                                                 0, 0.0, 0.0
46, -16220.719153642654, 2, 36.399647279999954, 2780, 104123,                                                 0, 0.0, 0.0
47, -8496.73502278328, 3, 14.748331140000118, 1140, 105263,                                                 0, 0.0, 0.0
48, -15873.043945908546, 2, 36.22412959099984, 2941, 108204,                                                 0, 0.0, 0.0
49, -16864.79476237297, 2, 36.99272451299976, 2957, 111161,                                                 0, 0.0, 0.0
50, -7378.31120467186, 2, 13.15305717199999, 1060, 112221,                                                 0, 0.0, 0.0
51, -6640.677055835724, 2, 9.137305458000355, 739, 112960,                                                 0, 0.0, 0.0
52, -8468.397285223007, 2, 21.95632591699996, 1767, 114727,                                                 0, 0.0, 0.0
53, -9149.122077047825, 2, 22.98100149899983, 1854, 116581,                                                 0, 0.0, 0.0
54, -13291.757807850838, 2, 35.79472587200007, 2885, 119466,                                                 0, 0.0, 0.0
55, -11537.240591526031, 2, 22.98589584499996, 1865, 121331,                                                 0, 0.0, 0.0
56, -7601.894654750824, 2, 12.535667230999934, 994, 122325,                                                 0, 0.0, 0.0
57, -17945.19403719902, 4, 49.858260391000385, 4009, 126334,                                                 0, 0.0, 0.0
58, -6245.749165534973, 2, 12.35837113999969, 958, 127292,                                                 0, 0.0, 0.0
59, -9871.391417741776, 3, 25.569285843000216, 1974, 129266,                                                 0, 0.0, 0.0
60, -6106.128182530403, 2, 12.753256805000092, 999, 130265,                                                 0, 0.0, 0.0
61, -17541.38876080513, 2, 35.79084582700034, 2794, 133059,                                                 0, 0.0, 0.0
62, -6201.714398622513, 2, 12.333939883999847, 971, 134030,                                                 0, 0.0, 0.0
63, -23978.249431967735, 4, 50.43794164500014, 3978, 138008,                                                 0, 0.0, 0.0
64, -5626.586683750153, 2, 12.137025224000354, 941, 138949,                                                 0, 0.0, 0.0
65, -8008.520760536194, 3, 14.365789221999876, 1110, 140059,                                                 0, 0.0, 0.0
66, -11009.787912487984, 2, 17.741864465000617, 1417, 141476,                                                 0, 0.0, 0.0
67, -18494.405678987503, 4, 49.85904375199971, 3919, 145395,                                                 0, 0.0, 0.0
68, -21655.4938467741, 2, 40.2122304429995, 3076, 148471,                                                 0, 0.0, 0.0
69, -15140.01064813137, 4, 50.26753908899991, 4003, 152474,                                                 0, 0.0, 0.0
70, -7478.770451784134, 3, 13.734500237000248, 1023, 153497,                                                 0, 0.0, 0.0
71, -7384.59996342659, 2, 12.790633225999954, 979, 154476,                                                 0, 0.0, 0.0
72, -14535.613880991936, 2, 35.388857425000424, 2738, 157214,                                                 0, 0.0, 0.0
73, -11908.950532197952, 2, 21.99004272699949, 1772, 158986,                                                 0, 0.0, 0.0
74, -16624.699598789215, 2, 35.19013160799932, 2802, 161788,                                                 0, 0.0, 0.0
75, -13695.502950429916, 4, 50.261980020999545, 4057, 165845,                                                 0, 0.0, 0.0
76, -9920.155563473701, 2, 22.362990560999606, 1798, 167643,                                                 0, 0.0, 0.0
77, -12401.483926296234, 2, 22.583491890000005, 1835, 169478,                                                 0, 0.0, 0.0
78, -9218.604000091553, 2, 13.132961473999785, 1045, 170523,                                                 0, 0.0, 0.0
79, -24504.21501982212, 4, 51.04938949899952, 4134, 174657,                                                 0, 0.0, 0.0
80, -17837.789521217346, 2, 37.00138465100008, 3002, 177659,                                                 0, 0.0, 0.0
81, -847.2648504972458, 1, 16.770315867000136, 1356, 179015,                                                 0, 0.0, 0.0
82, -14523.528088927269, 4, 51.23419594999996, 4155, 183170,                                                 0, 0.0, 0.0
83, -5761.182097673416, 2, 9.548598745000163, 767, 183937,                                                 0, 0.0, 0.0
84, -17516.491272449493, 2, 38.00652865000029, 3081, 187018,                                                 0, 0.0, 0.0
85, -6613.777327299118, 2, 13.73833755800024, 1092, 188110,                                                 0, 0.0, 0.0
86, -6852.185476303101, 3, 13.76265107800009, 1108, 189218,                                                 0, 0.0, 0.0
87, -18001.340195775032, 2, 28.180435309999666, 2272, 191490,                                                 0, 0.0, 0.0
88, -16466.239596128464, 2, 37.42182459800006, 3033, 194523,                                                 0, 0.0, 0.0
89, -7957.961929559708, 3, 13.558300564000092, 1092, 195615,                                                 0, 0.0, 0.0
90, -14949.18107187748, 2, 37.414892116000374, 3027, 198642,                                                 0, 0.0, 0.0
91, -8326.265045762062, 1, 23.56453015399984, 1898, 200540,                                                 0, 0.0, 0.0
92, -16433.5841960907, 2, 38.431003210999734, 3112, 203652,                                                 0, 0.0, 0.0
93, -7546.199592113495, 2, 13.956203378999817, 1131, 204783,                                                 0, 0.0, 0.0
94, -18356.163258314133, 2, 18.553962822999893, 1482, 206265,                                                 0, 0.0, 0.0
95, -8208.607150793076, 3, 14.36097362199962, 1155, 207420,                                                 0, 0.0, 0.0
96, -7211.828005552292, 2, 9.92403450799975, 773, 208193,                                                 0, 0.0, 0.0
97, -16241.54569387436, 2, 37.59697662899998, 3046, 211239,                                                 0, 0.0, 0.0
98, -10714.374973535538, 3, 13.75270898799954, 1119, 212358,                                                 0, 0.0, 0.0
99, -8182.894015014172, 3, 15.346426502000213, 1224, 213582,                                                 0, 0.0, 0.0
100, -12290.585259437561, 2, 22.98111447699921, 1858, 215440,                                                 0, 0.0, 0.0
101, -9675.862911939621, 2, 19.823547269999835, 1581, 217021,                                                 0, 0.0, 0.0
102, -7378.250715017319, 2, 13.749622282000018, 1113, 218134,                                                 0, 0.0, 0.0
103, -9409.911294698715, 2, 13.533334069000375, 1070, 219204,                                                 0, 0.0, 0.0
104, -14500.455482006073, 2, 20.772434159999648, 1685, 220889,                                                 0, 0.0, 0.0
105, -11237.537070989609, 2, 21.778543643000376, 1770, 222659,                                                 0, 0.0, 0.0
106, -7732.553962469101, 3, 14.140929586999846, 1134, 223793,                                                 0, 0.0, 0.0
107, -13172.635907888412, 3, 27.79471450300025, 2247, 226040,                                                 0, 0.0, 0.0
108, -9166.845874786377, 2, 11.129430181999851, 877, 226917,                                                 0, 0.0, 0.0
109, -13487.337945699692, 2, 23.181641600999683, 1879, 228796,                                                 0, 0.0, 0.0
110, -18375.714510917664, 2, 25.98799305600005, 2107, 230903,                                                 0, 0.0, 0.0
111, -16167.825250148773, 2, 23.97977396799979, 1947, 232850,                                                 0, 0.0, 0.0
112, -14938.740564346313, 2, 33.58833526699982, 2716, 235566,                                                 0, 0.0, 0.0
113, -7499.991118192673, 2, 17.96565052599999, 1456, 237022,                                                 0, 0.0, 0.0
114, -7751.458626747131, 2, 13.134471565999775, 1051, 238073,                                                 0, 0.0, 0.0
115, -17418.548059225082, 2, 25.782655087999956, 2091, 240164,                                                 0, 0.0, 0.0
116, -6763.997734069824, 2, 12.752258762000565, 1020, 241184,                                                 0, 0.0, 0.0
117, -15563.042842626572, 2, 36.59854006200021, 2930, 244114,                                                 0, 0.0, 0.0
118, -9108.224991559982, 2, 12.957630226999754, 1096, 245210,                                                 0, 0.0, 0.0
119, -7234.993587732315, 2, 12.935370371000317, 1062, 246272,                                                 0, 0.0, 0.0
120, -11763.35579752922, 2, 23.374840557000425, 1977, 248249,                                                 0, 0.0, 0.0
121, -15781.635689973831, 2, 34.99389116099974, 2936, 251185,                                                 0, 0.0, 0.0
122, -6987.150292634964, 2, 12.354328950999843, 1037, 252222,                                                 0, 0.0, 0.0
123, -28446.27337026596, 2, 38.806308470999284, 3266, 255488,                                                 0, 0.0, 0.0
124, -6497.88243162632, 2, 12.751829322000049, 1063, 256551,                                                 0, 0.0, 0.0
125, -8241.73344373703, 2, 12.532789665000564, 1033, 257584,                                                 0, 0.0, 0.0
126, -11433.453476667404, 2, 21.78317561699987, 1835, 259419,                                                 0, 0.0, 0.0
127, -13222.217238903046, 2, 26.388688196000658, 2183, 261602,                                                 0, 0.0, 0.0
128, -20967.97661614418, 3, 40.80735770999945, 3428, 265030,                                                 0, 0.0, 0.0
129, -8984.906461238861, 2, 12.737297106999904, 1053, 266083,                                                 0, 0.0, 0.0
130, -6583.232101559639, 2, 13.134502464999969, 1077, 267160,                                                 0, 0.0, 0.0
131, -8269.680102348328, 3, 13.335718369999995, 1101, 268261,                                                 0, 0.0, 0.0
132, -9374.27532863617, 3, 15.142748500999915, 1247, 269508,                                                 0, 0.0, 0.0
133, -14757.699174165726, 4, 50.457410469000024, 4228, 273736,                                                 0, 0.0, 0.0
134, -7943.125982046127, 2, 12.55045036499996, 1043, 274779,                                                 0, 0.0, 0.0
135, -17038.004411697388, 2, 23.159705847000623, 1932, 276711,                                                 0, 0.0, 0.0
136, -23280.74220919609, 4, 50.06055512700004, 4220, 280931,                                                 0, 0.0, 0.0
137, -6847.402640104294, 2, 13.133910203000596, 1081, 282012,                                                 0, 0.0, 0.0
138, -15300.60535132885, 2, 31.014782079000724, 2611, 284623,                                                 0, 0.0, 0.0
139, -10766.53846168518, 2, 15.746529066000221, 1315, 285938,                                                 0, 0.0, 0.0
140, -7085.5570657253265, 2, 12.959916048000196, 1055, 286993,                                                 0, 0.0, 0.0
141, -7309.788532972336, 2, 12.929827693999869, 1060, 288053,                                                 0, 0.0, 0.0
142, -13549.56747496128, 2, 33.59800267399987, 2816, 290869,                                                 0, 0.0, 0.0
143, 1279.34721159935, 1, 7.7450423240006785, 647, 291516,                                                 0, 0.0, 0.0
144, -16002.473053336143, 4, 51.03108945900021, 4295, 295811,                                                 0, 0.0, 0.0
145, -7686.192913651466, 2, 13.565865020999809, 1144, 296955,                                                 0, 0.0, 0.0
146, -9179.239944815636, 2, 19.551198025999838, 1633, 298588,                                                 0, 0.0, 0.0
147, -9022.157902002335, 2, 12.75691214500057, 1060, 299648,                                                 0, 0.0, 0.0
148, 775.3837072849274, 1, 8.52933325899994, 692, 300340,                                                 0, 0.0, 0.0
149, -5033.0089230537415, 2, 4.9144419020003625, 388, 300728,                                                 0, 0.0, 0.0
150, 974.7914111614227, 1, 8.12727452099989, 647, 301375,                                                 0, 0.0, 0.0
151, -22917.716997861862, 4, 50.23879305899936, 4203, 305578,                                                 0, 0.0, 0.0
152, -873.3256642222404, 1, 16.77282065199961, 1393, 306971,                                                 0, 0.0, 0.0
153, -6107.584879398346, 2, 6.521011224000176, 538, 307509,                                                 0, 0.0, 0.0
154, -16984.823722600937, 2, 19.354316416000074, 1613, 309122,                                                 0, 0.0, 0.0
155, -22055.4554169178, 4, 50.03136371800065, 4249, 313371,                                                 0, 0.0, 0.0
156, -12806.565804243088, 2, 22.767229027999747, 1917, 315288,                                                 0, 0.0, 0.0
157, -7189.530249118805, 2, 13.1421674180001, 1069, 316357,                                                 0, 0.0, 0.0
158, -17569.0155659914, 2, 37.61815663800007, 3192, 319549,                                                 0, 0.0, 0.0
159, -8231.73681473732, 2, 13.536316382999757, 1128, 320677,                                                 0, 0.0, 0.0
160, -7325.358180999756, 2, 13.16434507699978, 1104, 321781,                                                 0, 0.0, 0.0
161, -20380.27939224243, 2, 38.001801939999496, 3217, 324998,                                                 0, 0.0, 0.0
162, -16165.373944282532, 4, 50.053852724000535, 4248, 329246,                                                 0, 0.0, 0.0
163, -7762.978650808334, 2, 12.942953550000311, 1067, 330313,                                                 0, 0.0, 0.0
164, -8184.618319749832, 2, 12.955614485000297, 1089, 331402,                                                 0, 0.0, 0.0
165, -7594.093829989433, 3, 13.738841343999411, 1142, 332544,                                                 0, 0.0, 0.0
166, -17593.105432987213, 2, 22.164650520999203, 1865, 334409,                                                 0, 0.0, 0.0
167, -6654.867748141289, 3, 13.764074660000006, 1164, 335573,                                                 0, 0.0, 0.0
168, -7949.71148109436, 2, 12.530400014999941, 1037, 336610,                                                 0, 0.0, 0.0
169, -1315.9623427391052, 1, 16.166919743000108, 1358, 337968,                                                 0, 0.0, 0.0
170, -18704.04659843445, 4, 50.859809111000686, 4275, 342243,                                                 0, 0.0, 0.0
171, -8646.620289206505, 1, 27.786479811999925, 2359, 344602,                                                 0, 0.0, 0.0
172, -12827.86769258976, 4, 50.853776199000094, 4274, 348876,                                                 0, 0.0, 0.0
173, -7772.677224636078, 3, 12.95363545500004, 1096, 349972,                                                 0, 0.0, 0.0
174, -15408.036177277565, 2, 24.965821654000138, 2093, 352065,                                                 0, 0.0, 0.0
175, -9520.17785614729, 2, 20.55569235999974, 1715, 353780,                                                 0, 0.0, 0.0
176, -3684.469112455845, 1, 26.997347686000467, 2289, 356069,                                                 0, 0.0, 0.0
177, -6551.837403297424, 2, 10.12723946999995, 832, 356901,                                                 0, 0.0, 0.0
178, -7621.577281713486, 3, 13.958599673999743, 1182, 358083,                                                 0, 0.0, 0.0
179, -10973.339147567749, 2, 16.74379267200038, 1392, 359475,                                                 0, 0.0, 0.0
180, -8305.84706902504, 3, 13.742774902000747, 1153, 360628,                                                 0, 0.0, 0.0
181, -8434.190164089203, 2, 12.560407396999835, 1050, 361678,                                                 0, 0.0, 0.0
182, -26700.875669002533, 2, 40.80328750099943, 3461, 365139,                                                 0, 0.0, 0.0
183, -7887.947356462479, 2, 12.738382691999504, 1066, 366205,                                                 0, 0.0, 0.0
184, -7632.7929718494415, 3, 13.742956561000028, 1142, 367347,                                                 0, 0.0, 0.0
185, -21886.642637968063, 2, 32.59031983600016, 2750, 370097,                                                 0, 0.0, 0.0
186, -18577.428681731224, 2, 31.400298943000053, 2669, 372766,                                                 0, 0.0, 0.0
187, 770.9311736822128, 1, 8.324672826999631, 686, 373452,                                                 0, 0.0, 0.0
188, -12745.517942667007, 2, 28.374560971999927, 2354, 375806,                                                 0, 0.0, 0.0
189, -6786.548879265785, 2, 12.944529101000626, 1054, 376860,                                                 0, 0.0, 0.0
190, -10173.231687307358, 3, 14.358770655000626, 1195, 378055,                                                 0, 0.0, 0.0
191, -9834.43655872345, 2, 13.338194951000332, 1086, 379141,                                                 0, 0.0, 0.0
192, -7972.654643058777, 2, 13.736272190999443, 1119, 380260,                                                 0, 0.0, 0.0
193, -10036.125448226929, 2, 22.38341962800041, 1878, 382138,                                                 0, 0.0, 0.0
194, -9543.786442756653, 2, 13.334957564000433, 1101, 383239,                                                 0, 0.0, 0.0
195, -8106.346730232239, 3, 14.144262486000116, 1165, 384404,                                                 0, 0.0, 0.0
196, -17097.679915189743, 2, 23.987604768000892, 1958, 386362,                                                 0, 0.0, 0.0
197, -9599.078497290611, 2, 22.759125643000516, 1875, 388237,                                                 0, 0.0, 0.0
198, -7046.179758310318, 2, 13.33411959499972, 1088, 389325,                                                 0, 0.0, 0.0
199, -15111.800124645233, 2, 22.758992887000204, 1881, 391206,                                                 0, 0.0, 0.0
200, -6876.9024695158005, 3, 14.139703521000229, 1161, 392367,                                                 0, 0.0, 0.0
201, -14215.46794617176, 4, 50.04188557099951, 4182, 396549,                                                 0, 0.0, 0.0
202, -8423.428460359573, 3, 14.337812345000202, 1172, 397721,                                                 0, 0.0, 0.0
203, -8992.326333999634, 2, 14.745421808000174, 1203, 398924,                                                 0, 0.0, 0.0
204, -7096.4268881082535, 3, 14.563062927999454, 1208, 400132,                                                 0, 0.0, 0.0
205, -11765.150779485703, 2, 22.159891929999503, 1830, 401962,                                                 0, 0.0, 0.0
206, -8344.142312049866, 3, 13.966442030000508, 1153, 403115,                                                 0, 0.0, 0.0
207, -7312.543570995331, 2, 12.538712098999895, 1024, 404139,                                                 0, 0.0, 0.0
208, -9330.434134244919, 3, 14.338674024000284, 1181, 405320,                                                 0, 0.0, 0.0
209, -7844.210156679153, 2, 12.738078561999828, 1046, 406366,                                                 0, 0.0, 0.0
210, -15108.785480618477, 3, 42.00979359499979, 3512, 409878,                                                 0, 0.0, 0.0
211, -8174.695464134216, 2, 14.348544637000487, 1179, 411057,                                                 0, 0.0, 0.0
212, -8508.111277103424, 2, 13.50110274599956, 1129, 412186,                                                 0, 0.0, 0.0
213, -16840.583037614822, 4, 51.05118245400081, 4266, 416452,                                                 0, 0.0, 0.0
214, -6487.070539236069, 2, 13.339185394000197, 1090, 417542,                                                 0, 0.0, 0.0
215, -14648.936933517456, 2, 38.000778304999585, 3159, 420701,                                                 0, 0.0, 0.0
216, -15821.15373980999, 3, 43.04370492399994, 3561, 424262,                                                 0, 0.0, 0.0
217, -18422.63755083084, 2, 35.2100565009996, 2927, 427189,                                                 0, 0.0, 0.0
218, -6335.607478380203, 2, 12.537793987999976, 1008, 428197,                                                 0, 0.0, 0.0
219, -24732.73494040966, 4, 50.04835052699946, 4141, 432338,                                                 0, 0.0, 0.0
220, -8804.20302438736, 3, 17.163032851000025, 1230, 433568,                                                 0, 0.0, 0.0
221, -19348.13359415531, 4, 50.04992569800015, 3903, 437471,                                                 0, 0.0, 0.0
222, -7947.823934316635, 3, 14.536500887999864, 1117, 438588,                                                 0, 0.0, 0.0
223, -9841.049305915833, 2, 24.366015152000728, 1881, 440469,                                                 0, 0.0, 0.0
224, -7547.64741230011, 2, 13.349857049000093, 1032, 441501,                                                 0, 0.0, 0.0
225, -8398.121363639832, 2, 13.538015087000531, 1044, 442545,                                                 0, 0.0, 0.0
226, -7148.676924109459, 3, 14.76632298000004, 1150, 443695,                                                 0, 0.0, 0.0
227, -15442.068932771683, 2, 28.807488008999826, 2222, 445917,                                                 0, 0.0, 0.0
228, -15231.5844476223, 2, 36.025341794999804, 2887, 448804,                                                 0, 0.0, 0.0
229, -14484.623863220215, 2, 35.99422527600018, 2857, 451661,                                                 0, 0.0, 0.0
230, -6557.647196173668, 3, 14.942965799999001, 1164, 452825,                                                 0, 0.0, 0.0
231, -8676.546372652054, 3, 14.159641746999114, 1135, 453960,                                                 0, 0.0, 0.0
232, -7172.105476140976, 3, 14.140618956000253, 1106, 455066,                                                 0, 0.0, 0.0
233, -12737.755118489265, 2, 29.380794908000098, 2281, 457347,                                                 0, 0.0, 0.0
234, -19037.80714905262, 2, 37.42853772000126, 3005, 460352,                                                 0, 0.0, 0.0
235, -8333.366160869598, 2, 12.559429114000523, 1023, 461375,                                                 0, 0.0, 0.0
236, -6041.659810900688, 2, 13.336548627999946, 1042, 462417,                                                 0, 0.0, 0.0
237, -7263.370998382568, 2, 12.758395237999139, 1024, 463441,                                                 0, 0.0, 0.0
238, -6834.57070684433, 2, 12.538481945999592, 998, 464439,                                                 0, 0.0, 0.0
239, -18527.37303876877, 2, 37.42065189300047, 3025, 467464,                                                 0, 0.0, 0.0
240, -11231.50422668457, 2, 22.79240364799989, 1820, 469284,                                                 0, 0.0, 0.0
241, -14080.427835226059, 2, 37.40069950399993, 2986, 472270,                                                 0, 0.0, 0.0
242, -17047.05647444725, 4, 49.86123301900079, 3959, 476229,                                                 0, 0.0, 0.0
243, -6666.94634616375, 2, 14.135972100999425, 1125, 477354,                                                 0, 0.0, 0.0
244, -7078.131913900375, 3, 12.756269904999499, 1025, 478379,                                                 0, 0.0, 0.0
245, -8045.991350650787, 3, 14.143971646000864, 1123, 479502,                                                 0, 0.0, 0.0
246, -9700.538038492203, 2, 14.355151809000745, 1151, 480653,                                                 0, 0.0, 0.0
247, -6979.816555976868, 2, 13.135801099000673, 1044, 481697,                                                 0, 0.0, 0.0
248, -1758.2369649410248, 1, 16.560779965999245, 1326, 483023,                                                 0, 0.0, 0.0
249, -15883.714271306992, 2, 23.758798050001133, 1907, 484930,                                                 0, 0.0, 0.0
250, -6542.1248688697815, 2, 12.555339397000353, 1006, 485936,                                                 0, 0.0, 0.0
251, -8030.999244689941, 2, 13.537363186998846, 1080, 487016,                                                 0, 0.0, 0.0
252, -8763.91618680954, 2, 14.969166294000388, 1197, 488213,                                                 0, 0.0, 0.0
253, -8727.5759704113, 3, 13.942462596000041, 1114, 489327,                                                 0, 0.0, 0.0
254, -15023.941148877144, 4, 50.259565919001034, 4080, 493407,                                                 0, 0.0, 0.0
255, -11155.423682451248, 2, 22.381252446999497, 1814, 495221,                                                 0, 0.0, 0.0
256, -7003.579538822174, 2, 12.937700647000383, 1021, 496242,                                                 0, 0.0, 0.0
257, 1001.1640900373459, 1, 7.935891618000824, 631, 496873,                                                 0, 0.0, 0.0
258, -11580.292470932007, 2, 28.375663184999212, 2276, 499149,                                                 0, 0.0, 0.0
259, -29991.405188679695, 4, 50.26417534099892, 4087, 503236,                                                 0, 0.0, 0.0
260, -11827.904158353806, 2, 23.163507478999236, 1865, 505101,                                                 0, 0.0, 0.0
261, -9006.420352458954, 2, 14.151435922000019, 1142, 506243,                                                 0, 0.0, 0.0
262, -8678.501670598984, 3, 14.542567337999571, 1157, 507400,                                                 0, 0.0, 0.0
263, -16205.143889069557, 4, 50.04998856400016, 4037, 511437,                                                 0, 0.0, 0.0
264, -291.613008081913, 1, 15.539149539999926, 1220, 512657,                                                 0, 0.0, 0.0
265, -19445.15999865532, 4, 50.24818321299972, 3996, 516653,                                                 0, 0.0, 0.0
266, -16580.100459456444, 4, 50.244601677999526, 4003, 520656,                                                 0, 0.0, 0.0
267, -674.3667621612549, 1, 16.565189998000278, 1292, 521948,                                                 0, 0.0, 0.0
268, -12822.319786787033, 2, 21.76468870899953, 1725, 523673,                                                 0, 0.0, 0.0
