episode, reward, success, duration, steps, total_steps, memory length, avg_critic_loss, avg_actor_loss
2401, 2312.9465956687927, 1, 1.2478057960001934, 30, 1022414,                                                 1000000, 19.307096481323242, 179.8361358642578
2402, 995.3775676488876, 1, 9.928847589999805, 270, 1022684,                                                 1000000, 13.79327392578125, 179.66513061523438
2403, 575.8874869346619, 1, 12.535450942999887, 344, 1023028,                                                 1000000, 15.274535179138184, 177.723388671875
2404, 2153.114887088537, 1, 9.54572019499983, 268, 1023296,                                                 1000000, 13.284418106079102, 177.28001403808594
2405, 304.34908601641655, 1, 18.348479832000066, 498, 1023794,                                                 1000000, 13.72031021118164, 178.2983856201172
2406, 1868.07385674119, 1, 17.552390036999896, 476, 1024270,                                                 1000000, 13.942459106445312, 178.90103149414062
2407, 1321.3568603396416, 1, 17.367403048000142, 483, 1024753,                                                 1000000, 15.039573669433594, 177.78981018066406
2408, -13131.632404118776, 3, 50.058047734999946, 1389, 1026142,                                                 1000000, 13.965201377868652, 177.63015747070312
2409, 1991.6727772802114, 1, 12.350584360000084, 342, 1026484,                                                 1000000, 14.25704574584961, 179.0655975341797
2410, 749.1735438108444, 1, 10.125422572999923, 272, 1026756,                                                 1000000, 13.245221138000488, 177.35435485839844
2411, 1198.5703749358654, 1, 15.949279515999933, 426, 1027182,                                                 1000000, 13.899731636047363, 176.5553436279297
2412, -4737.289219200611, 3, 23.394208618999983, 640, 1027822,                                                 1000000, 14.776141166687012, 177.5886993408203
2413, 2088.1726148724556, 1, 9.926815631999943, 269, 1028091,                                                 1000000, 13.376138687133789, 178.41812133789062
2414, -3099.385020315647, 3, 10.546643924999898, 273, 1028364,                                                 1000000, 14.73678970336914, 177.29376220703125
2415, 763.8693558573723, 1, 11.749363439000263, 321, 1028685,                                                 1000000, 14.048718452453613, 176.7639923095703
2416, -6006.370770812035, 1, 28.775973081999837, 794, 1029479,                                                 1000000, 14.438643455505371, 177.28445434570312
2417, -3824.6057693958282, 3, 9.128053113000078, 247, 1029726,                                                 1000000, 15.698935508728027, 177.51976013183594
2418, 2322.584503799677, 1, 7.94240494099995, 216, 1029942,                                                 1000000, 15.083062171936035, 179.22767639160156
2419, -1434.5878389179707, 1, 25.387658653000017, 683, 1030625,                                                 1000000, 14.462386131286621, 179.04483032226562
2420, 1716.548120379448, 1, 18.970478888999878, 520, 1031145,                                                 1000000, 14.53425407409668, 177.81044006347656
2421, 2140.757283061743, 1, 10.126311943000019, 275, 1031420,                                                 1000000, 14.439297676086426, 177.76885986328125
2422, 851.9884157180786, 1, 15.140016259999811, 414, 1031834,                                                 1000000, 14.589506149291992, 178.12738037109375
2423, 1805.2849750518799, 1, 13.559711293999953, 367, 1032201,                                                 1000000, 13.730785369873047, 178.95559692382812
2424, -2910.2981756925583, 2, 8.928881875000116, 241, 1032442,                                                 1000000, 14.61202335357666, 179.52491760253906
2425, 1908.0660264343023, 1, 12.359935258000405, 343, 1032785,                                                 1000000, 15.096131324768066, 179.6183624267578
2426, -3353.937852859497, 2, 7.120786872999815, 187, 1032972,                                                 1000000, 15.760178565979004, 180.32977294921875
2427, -1724.6911433041096, 1, 26.17968332999999, 716, 1033688,                                                 1000000, 14.003620147705078, 178.6747589111328
2428, 861.6387631595135, 1, 20.57236579299979, 563, 1034251,                                                 1000000, 13.965841293334961, 179.52381896972656
2429, 823.0869632810354, 1, 18.95305158500014, 508, 1034759,                                                 1000000, 14.497440338134766, 178.21173095703125
2430, 1264.3689486086369, 1, 27.377737399000125, 745, 1035504,                                                 1000000, 14.485861778259277, 179.8223114013672
2431, 1676.041627049446, 1, 17.553164259999903, 477, 1035981,                                                 1000000, 14.2542085647583, 178.26507568359375
2432, -2759.895627975464, 3, 1.5051854520002053, 32, 1036013,                                                 1000000, 17.16741371154785, 180.98703002929688
2433, 2044.174605190754, 1, 10.144882849000169, 275, 1036288,                                                 1000000, 14.45185375213623, 177.5894317626953
2434, 1929.6580645740032, 1, 12.137278265000077, 326, 1036614,                                                 1000000, 15.140909194946289, 179.7847137451172
2435, -2975.7324390411377, 3, 6.520354158999908, 169, 1036783,                                                 1000000, 14.127791404724121, 178.02053833007812
2436, 2125.931955009699, 1, 10.149617889000183, 278, 1037061,                                                 1000000, 13.537877082824707, 176.5045928955078
2437, 1493.2733626961708, 1, 15.537576507999802, 424, 1037485,                                                 1000000, 13.957174301147461, 178.55389404296875
2438, 257.46162062883377, 1, 17.15293143300005, 464, 1037949,                                                 1000000, 14.879244804382324, 176.82376098632812
2439, 1454.5640720427036, 1, 25.369078973999876, 683, 1038632,                                                 1000000, 13.905196189880371, 179.05380249023438
2440, 1565.8708821833134, 1, 21.761374799999885, 590, 1039222,                                                 1000000, 13.559109687805176, 179.36959838867188
2441, 1939.0398281812668, 1, 11.563464437999755, 314, 1039536,                                                 1000000, 13.455058097839355, 178.5861358642578
2442, 1874.0820560455322, 1, 8.926046027000211, 239, 1039775,                                                 1000000, 15.284494400024414, 179.46038818359375
2443, 1904.9341436624527, 1, 13.337502349999795, 361, 1040136,                                                 1000000, 14.941051483154297, 177.54461669921875
2444, 651.7491720616817, 1, 23.789691631000096, 653, 1040789,                                                 1000000, 14.892722129821777, 177.9602813720703
2445, -3731.2539772987366, 3, 10.92815666100023, 294, 1041083,                                                 1000000, 14.615802764892578, 177.47207641601562
2446, 2158.803916335106, 1, 9.15042460099994, 246, 1041329,                                                 1000000, 14.279152870178223, 179.35801696777344
2447, 335.9200275838375, 1, 23.77602802299998, 647, 1041976,                                                 1000000, 14.057295799255371, 178.3511962890625
2448, 1551.8640803098679, 1, 14.96469858699993, 413, 1042389,                                                 1000000, 14.355856895446777, 178.06236267089844
2449, 665.9586719870567, 1, 27.98441627400007, 760, 1043149,                                                 1000000, 14.360669136047363, 178.46710205078125
2450, -4180.359003692865, 3, 26.17181071599998, 710, 1043859,                                                 1000000, 14.453789710998535, 176.99591064453125
2451, 2250.578664943576, 1, 6.1195094249997055, 164, 1044023,                                                 1000000, 14.12102222442627, 177.5779266357422
2452, 1789.0994210243225, 1, 15.163661477000005, 417, 1044440,                                                 1000000, 14.35973834991455, 177.9796142578125
2453, 1531.9116230458021, 1, 20.7597302209997, 562, 1045002,                                                 1000000, 14.386486053466797, 179.36758422851562
2454, -2872.625171661377, 2, 9.350817563999954, 256, 1045258,                                                 1000000, 15.028087615966797, 177.27978515625
2455, 1859.044314533472, 1, 15.742219409999961, 429, 1045687,                                                 1000000, 14.66388988494873, 177.59552001953125
2456, 1256.0481886416674, 1, 23.5867350919998, 643, 1046330,                                                 1000000, 14.433402061462402, 179.09690856933594
2457, 1407.9688140749931, 1, 25.769912528000077, 718, 1047048,                                                 1000000, 13.745649337768555, 177.8195343017578
2458, -3414.685541510582, 3, 10.532930412000042, 288, 1047336,                                                 1000000, 14.86546516418457, 177.2509765625
2459, -3303.962062716484, 3, 11.732972950000203, 322, 1047658,                                                 1000000, 14.505121231079102, 178.28167724609375
2460, -3122.1430976986885, 2, 10.146279872000378, 284, 1047942,                                                 1000000, 13.660786628723145, 176.98802185058594
2461, 2091.1963425278664, 1, 7.735256925000158, 199, 1048141,                                                 1000000, 14.188691139221191, 177.52804565429688
2462, 99.14400133490562, 1, 15.54346903600026, 426, 1048567,                                                 1000000, 14.926604270935059, 177.64208984375
2463, -323.12935326993465, 1, 18.952830939999785, 533, 1049100,                                                 1000000, 14.145135879516602, 177.5799102783203
2464, 484.7185662686825, 1, 22.781609479000053, 644, 1049744,                                                 1000000, 14.398406028747559, 178.2772216796875
2465, 876.6862100362778, 1, 17.14842825300002, 471, 1050215,                                                 1000000, 14.504319190979004, 175.9910125732422
2466, 476.5425066500902, 1, 13.15113023199956, 356, 1050571,                                                 1000000, 15.018965721130371, 179.37506103515625
2467, -3043.0902973413467, 2, 5.935722141000042, 165, 1050736,                                                 1000000, 13.357584953308105, 175.84075927734375
2468, 2172.0690590441227, 1, 10.12732172699998, 278, 1051014,                                                 1000000, 13.940881729125977, 178.02093505859375
2469, 985.9596460461617, 1, 11.154786208000132, 261, 1051275,                                                 1000000, 14.788183212280273, 178.1800537109375
2470, -2727.0096373558044, 3, 6.520214578999912, 140, 1051415,                                                 1000000, 14.931855201721191, 177.0252685546875
2471, 2170.1044524610043, 1, 6.318563577999612, 157, 1051572,                                                 1000000, 14.009708404541016, 174.4943389892578
2472, 1908.8880774080753, 1, 16.349781530999735, 418, 1051990,                                                 1000000, 13.852899551391602, 179.7100067138672
2473, -2807.170265555382, 3, 8.14110949499991, 208, 1052198,                                                 1000000, 14.618790626525879, 178.45399475097656
2474, 2052.834837347269, 1, 10.53679209799975, 265, 1052463,                                                 1000000, 14.897553443908691, 179.1215057373047
2475, -3040.15019851923, 3, 16.971396428999924, 432, 1052895,                                                 1000000, 14.22590446472168, 177.44485473632812
2476, 2370.0928533673286, 1, 4.311592288000156, 106, 1053001,                                                 1000000, 14.212396621704102, 179.18771362304688
2477, 1944.1409382522106, 1, 10.928265600000032, 272, 1053273,                                                 1000000, 12.640717506408691, 177.54647827148438
2478, 1100.9713720679283, 1, 16.165039350999905, 415, 1053688,                                                 1000000, 14.379691123962402, 176.5586395263672
2479, -2761.9281190633774, 3, 3.913427713999681, 93, 1053781,                                                 1000000, 16.195941925048828, 177.91456604003906
2480, 1180.8051391243935, 1, 15.361070651000318, 389, 1054170,                                                 1000000, 14.271108627319336, 178.28529357910156
2481, 446.56720358133316, 1, 24.76597340499984, 633, 1054803,                                                 1000000, 14.761422157287598, 178.78787231445312
2482, -4199.615765333176, 3, 23.17639761700002, 593, 1055396,                                                 1000000, 13.68591594696045, 177.77049255371094
2483, 2250.3499619066715, 1, 8.134249888999875, 210, 1055606,                                                 1000000, 13.347801208496094, 176.81997680664062
2484, 1356.2527698874474, 1, 24.757324976999826, 632, 1056238,                                                 1000000, 14.396870613098145, 176.46336364746094
2485, -3983.4768435955048, 2, 8.925356570000076, 224, 1056462,                                                 1000000, 15.254252433776855, 175.89967346191406
2486, 2193.12284591794, 1, 9.92785909300028, 251, 1056713,                                                 1000000, 14.184196472167969, 178.6979217529297
2487, 910.8686529695988, 1, 12.53322477699976, 314, 1057027,                                                 1000000, 13.808756828308105, 176.95144653320312
2488, 2249.9747193306684, 1, 10.9281290050003, 277, 1057304,                                                 1000000, 14.70710277557373, 178.23362731933594
2489, 1683.088827997446, 1, 19.97326335300022, 512, 1057816,                                                 1000000, 13.943857192993164, 177.76698303222656
2490, 1718.7529656589031, 1, 8.923319114999686, 227, 1058043,                                                 1000000, 14.21969223022461, 177.83096313476562
2491, 554.1871453523636, 1, 25.374327948999962, 647, 1058690,                                                 1000000, 14.335039138793945, 177.72584533691406
2492, -260.820680052042, 1, 27.59640889100001, 718, 1059408,                                                 1000000, 14.516993522644043, 177.33297729492188
2493, 1033.8954637050629, 1, 18.545469002000118, 475, 1059883,                                                 1000000, 14.990797996520996, 177.18910217285156
2494, 95.80085569620132, 1, 14.741878784000164, 374, 1060257,                                                 1000000, 14.416361808776855, 176.47181701660156
2495, 1093.2674721181393, 1, 19.180785014999856, 489, 1060746,                                                 1000000, 14.305295944213867, 178.42434692382812
2496, -3787.551337182522, 3, 18.144299299000068, 462, 1061208,                                                 1000000, 13.2976655960083, 178.02061462402344
2497, 1002.0612311959267, 1, 14.768488695000087, 379, 1061587,                                                 1000000, 13.615461349487305, 176.94744873046875
2498, -8.104747027158737, 1, 23.166022511999927, 591, 1062178,                                                 1000000, 14.846715927124023, 176.83250427246094
2499, -920.2401475608349, 1, 27.794341626999994, 716, 1062894,                                                 1000000, 14.048932075500488, 177.19522094726562
2500, -605.3823249936104, 1, 22.965800345999924, 580, 1063474,                                                 1000000, 14.212937355041504, 178.08929443359375
2501, 636.4674369692802, 1, 17.43064625299985, 460, 1063934,                                                 1000000, 14.202569961547852, 177.09654235839844
2502, -3115.765820503235, 3, 9.524582028000168, 244, 1064178,                                                 1000000, 14.94327449798584, 176.73695373535156
2503, -681.6148771941662, 1, 25.370852879999802, 660, 1064838,                                                 1000000, 13.841996192932129, 176.2504425048828
2504, -3763.915565133095, 2, 23.16652904700004, 604, 1065442,                                                 1000000, 14.268228530883789, 176.67019653320312
2505, 1768.36836540699, 1, 15.36508753499993, 404, 1065846,                                                 1000000, 13.739256858825684, 177.23480224609375
2506, -4357.286273956299, 3, 16.34573374499996, 427, 1066273,                                                 1000000, 13.232807159423828, 176.7487335205078
2507, 2197.6711432039738, 1, 6.144936611000048, 162, 1066435,                                                 1000000, 14.280343055725098, 178.2341766357422
2508, -4024.3154752254486, 2, 12.732973361999939, 327, 1066762,                                                 1000000, 14.644111633300781, 177.39492797851562
2509, 2153.2085652947426, 1, 10.126743703999637, 263, 1067025,                                                 1000000, 14.633938789367676, 177.36428833007812
2510, -3500.1676986813545, 3, 7.543149779000032, 191, 1067216,                                                 1000000, 13.68000316619873, 176.87033081054688
2511, 2173.9172381460667, 1, 10.32719986300026, 261, 1067477,                                                 1000000, 15.0385103225708, 177.1686248779297
2512, -2727.3657475709915, 2, 4.920990734000043, 125, 1067602,                                                 1000000, 13.604657173156738, 178.2519073486328
2513, -2508.2029381394386, 3, 8.937770049999926, 232, 1067834,                                                 1000000, 14.16835880279541, 178.31256103515625
2514, 1784.1756757199764, 1, 15.541462455999863, 401, 1068235,                                                 1000000, 14.820298194885254, 177.1782989501953
2515, 1732.544804930687, 1, 11.331080764000035, 292, 1068527,                                                 1000000, 15.253180503845215, 176.64866638183594
2516, 2251.9470023810863, 1, 8.927731962999587, 230, 1068757,                                                 1000000, 14.164467811584473, 175.39512634277344
2517, -2729.3647896647453, 2, 8.524685491000128, 216, 1068973,                                                 1000000, 14.734227180480957, 178.63327026367188
2518, 998.9156413376331, 1, 12.355789816999732, 313, 1069286,                                                 1000000, 13.050829887390137, 178.2020263671875
2519, -4268.713824391365, 3, 15.357755817999987, 401, 1069687,                                                 1000000, 14.217926979064941, 177.01803588867188
2520, 2114.975750952959, 1, 10.328578971999832, 266, 1069953,                                                 1000000, 14.764504432678223, 178.21575927734375
2521, 2206.6174170076847, 1, 9.546923295999932, 246, 1070199,                                                 1000000, 14.017374992370605, 175.01258850097656
2522, 2123.8730161190033, 1, 9.525306179000381, 244, 1070443,                                                 1000000, 13.593194007873535, 176.98072814941406
2523, 1339.1342322528362, 1, 15.563169422999636, 404, 1070847,                                                 1000000, 14.870527267456055, 176.5797119140625
2524, -2799.6349852085114, 3, 6.319138525999733, 158, 1071005,                                                 1000000, 15.331315994262695, 176.76426696777344
2525, -3848.4958720505238, 2, 19.97827694499938, 521, 1071526,                                                 1000000, 14.228042602539062, 177.38563537597656
2526, 2082.3720707297325, 1, 12.73555118600052, 325, 1071851,                                                 1000000, 13.829984664916992, 177.9346466064453
2527, 1864.4624667167664, 1, 14.136985939000624, 364, 1072215,                                                 1000000, 15.289825439453125, 178.30709838867188
2528, 2181.0516690909863, 1, 9.948345092000636, 246, 1072461,                                                 1000000, 13.519634246826172, 177.41690063476562
2529, -2852.5436321496964, 2, 6.317475926000043, 156, 1072617,                                                 1000000, 15.379304885864258, 176.40049743652344
2530, 2390.190087914467, 1, 4.332886774999679, 113, 1072730,                                                 1000000, 13.113072395324707, 176.45909118652344
2531, 1438.015028834343, 1, 17.750916053000765, 454, 1073184,                                                 1000000, 14.320589065551758, 177.42860412597656
2532, 1440.7815933823586, 1, 19.577322428000116, 514, 1073698,                                                 1000000, 14.150872230529785, 178.29685974121094
2533, -3729.182997405529, 3, 18.54794948200015, 484, 1074182,                                                 1000000, 13.757266998291016, 176.96981811523438
2534, 2329.3582709133625, 1, 4.536360629999763, 118, 1074300,                                                 1000000, 15.369566917419434, 179.0087127685547
2535, 164.40869161486626, 1, 23.56127433399979, 615, 1074915,                                                 1000000, 14.160996437072754, 178.6957244873047
2536, 1361.157842591405, 1, 19.769943635000345, 516, 1075431,                                                 1000000, 13.411155700683594, 178.00833129882812
2537, 1630.7510724812746, 1, 17.344200067999736, 456, 1075887,                                                 1000000, 14.441615104675293, 177.75917053222656
2538, 1523.715883910656, 1, 14.341984935000255, 367, 1076254,                                                 1000000, 13.934664726257324, 177.92849731445312
2539, -2978.0492347478867, 3, 3.910626341000352, 97, 1076351,                                                 1000000, 13.754587173461914, 177.6639862060547
2540, -2657.4215822815895, 3, 9.349874326000645, 247, 1076598,                                                 1000000, 14.229873657226562, 179.31568908691406
2541, 2029.594709455967, 1, 13.135601484999825, 338, 1076936,                                                 1000000, 13.691967964172363, 179.46957397460938
2542, 1849.9305205345154, 1, 11.55211509200035, 303, 1077239,                                                 1000000, 13.866093635559082, 179.13568115234375
2543, 1699.8183402121067, 1, 19.552969940000366, 509, 1077748,                                                 1000000, 14.254190444946289, 177.68515014648438
2544, 1486.5189909487963, 1, 20.587563058999876, 546, 1078294,                                                 1000000, 14.087178230285645, 176.9937744140625
2545, -1466.4595838785172, 1, 29.386851746000502, 769, 1079063,                                                 1000000, 14.480514526367188, 178.0215301513672
2546, 2049.7782922387123, 1, 12.15106995899987, 316, 1079379,                                                 1000000, 14.880213737487793, 176.50759887695312
2547, -2838.689958333969, 3, 8.927030150000064, 225, 1079604,                                                 1000000, 13.196122169494629, 177.76937866210938
2548, 2145.260365664959, 1, 6.322637446999579, 163, 1079767,                                                 1000000, 15.005969047546387, 176.78395080566406
2549, 1309.9667153060436, 1, 12.95456831699994, 334, 1080101,                                                 1000000, 12.959336280822754, 178.29249572753906
2550, 540.7341399490833, 1, 22.7779791009998, 589, 1080690,                                                 1000000, 14.213602066040039, 176.04251098632812
2551, 621.415318697691, 1, 23.792715926999335, 630, 1081320,                                                 1000000, 14.044106483459473, 176.556640625
2552, -794.4697900116444, 1, 38.60301511199941, 1014, 1082334,                                                 1000000, 14.07690143585205, 176.8502197265625
2553, -1387.1567130088806, 1, 19.7782941559999, 524, 1082858,                                                 1000000, 14.052787780761719, 176.84463500976562
2554, 953.2618622779846, 1, 26.77461984399997, 702, 1083560,                                                 1000000, 13.997361183166504, 176.39346313476562
2555, 842.2606165707111, 1, 23.379392953000206, 616, 1084176,                                                 1000000, 14.63979721069336, 177.85073852539062
2556, 1665.1318045258522, 1, 11.736552815000323, 305, 1084481,                                                 1000000, 15.249835014343262, 178.37351989746094
2557, -2892.7618062496185, 3, 3.131082475999392, 80, 1084561,                                                 1000000, 13.540989875793457, 173.9051055908203
2558, 325.13935989141464, 1, 15.558464469000683, 394, 1084955,                                                 1000000, 15.000235557556152, 176.7039794921875
2559, 44.25503182411194, 1, 19.373058809000213, 506, 1085461,                                                 1000000, 13.398704528808594, 178.0478973388672
2560, 1019.8918839097023, 1, 14.337024745000235, 371, 1085832,                                                 1000000, 13.595335006713867, 178.41806030273438
2561, -3908.8242634534836, 2, 17.37306475100013, 458, 1086290,                                                 1000000, 15.012114524841309, 179.0522918701172
2562, 1904.393303334713, 1, 11.528762457999619, 296, 1086586,                                                 1000000, 14.308755874633789, 177.97836303710938
2563, -651.4432334899902, 1, 35.419787412000005, 930, 1087516,                                                 1000000, 15.254364967346191, 178.29391479492188
2564, -3831.7769304811954, 3, 19.56429236599979, 508, 1088024,                                                 1000000, 14.816953659057617, 178.0875244140625
2565, 2159.3047746419907, 1, 10.327415116999873, 264, 1088288,                                                 1000000, 14.619478225708008, 178.1823272705078
2566, 2152.3456543385983, 1, 9.527541921999727, 245, 1088533,                                                 1000000, 15.043370246887207, 177.6984100341797
2567, -2996.1570474505424, 3, 9.147974526000326, 241, 1088774,                                                 1000000, 14.927130699157715, 178.851318359375
2568, 2098.539821743965, 1, 7.536836634000792, 189, 1088963,                                                 1000000, 13.708327293395996, 177.7164764404297
2569, 1675.6972807496786, 1, 19.966257287999724, 523, 1089486,                                                 1000000, 14.483346939086914, 179.38380432128906
2570, -835.8133497238159, 1, 31.180191817999912, 812, 1090298,                                                 1000000, 14.532438278198242, 178.9919891357422
2571, -3752.8896057605743, 2, 22.179930600999796, 582, 1090880,                                                 1000000, 14.826373100280762, 179.31686401367188
2572, 1478.7618187069893, 1, 12.13720254800046, 314, 1091194,                                                 1000000, 14.507524490356445, 177.58566284179688
2573, -5445.715755164623, 3, 14.566995639999732, 380, 1091574,                                                 1000000, 15.325957298278809, 178.41305541992188
2574, 775.365925937891, 1, 13.735622745, 354, 1091928,                                                 1000000, 13.969436645507812, 178.6632537841797
2575, -3126.043032884598, 3, 13.954407562000597, 367, 1092295,                                                 1000000, 14.554774284362793, 179.6083526611328
2576, -522.2427389323711, 1, 25.96838715299964, 674, 1092969,                                                 1000000, 14.254968643188477, 179.74378967285156
2577, 1464.5857658833265, 1, 19.55279953199988, 509, 1093478,                                                 1000000, 14.247053146362305, 177.95928955078125
2578, 833.2695987224579, 1, 18.3797829060004, 479, 1093957,                                                 1000000, 14.553926467895508, 179.96014404296875
2579, 1477.0706986933947, 1, 19.35068571299962, 500, 1094457,                                                 1000000, 14.039543151855469, 178.77020263671875
2580, -3195.569763302803, 3, 5.132428228000208, 119, 1094576,                                                 1000000, 14.798009872436523, 179.3658905029297
2581, 2173.7839598059654, 1, 5.941502612000477, 154, 1094730,                                                 1000000, 14.912296295166016, 178.77081298828125
2582, 1994.166263371706, 1, 11.934713808000197, 307, 1095037,                                                 1000000, 14.356955528259277, 177.75003051757812
2583, 1729.2623830139637, 1, 7.3411859409998215, 189, 1095226,                                                 1000000, 15.391748428344727, 178.5955047607422
2584, 928.0518085360527, 1, 16.145531893000225, 421, 1095647,                                                 1000000, 14.251626968383789, 178.0272216796875
2585, 979.5179461538792, 1, 20.384608562999347, 543, 1096190,                                                 1000000, 14.372493743896484, 178.46519470214844
2586, -2352.5308723449707, 3, 1.504112033000638, 32, 1096222,                                                 1000000, 14.980195999145508, 178.4628448486328
2587, 2048.1992115974426, 1, 10.531998950999878, 270, 1096492,                                                 1000000, 13.720808982849121, 178.3643341064453
2588, -5767.8054856061935, 3, 33.79578656499962, 886, 1097378,                                                 1000000, 14.51378345489502, 177.27389526367188
2589, 1365.7998541891575, 1, 11.34861422800077, 299, 1097677,                                                 1000000, 14.731314659118652, 178.66824340820312
2590, -988.9773819744587, 1, 24.767872626999633, 649, 1098326,                                                 1000000, 15.045458793640137, 179.29441833496094
2591, 1352.2866839766502, 1, 10.537309826000637, 271, 1098597,                                                 1000000, 13.982726097106934, 178.87808227539062
2592, -3021.1906567811966, 3, 15.367641279999589, 407, 1099004,                                                 1000000, 14.086193084716797, 179.8800811767578
2593, 1965.3555535078049, 1, 9.122572467999817, 233, 1099237,                                                 1000000, 15.235461235046387, 176.7158203125
2594, 1531.0381877422333, 1, 16.348511478000546, 425, 1099662,                                                 1000000, 14.998743057250977, 178.50607299804688
2595, -3027.6571328639984, 3, 3.9115334289999737, 97, 1099759,                                                 1000000, 16.10036849975586, 176.35377502441406
2596, 2183.979608774185, 1, 9.945933670000159, 261, 1100020,                                                 1000000, 14.92361068725586, 178.11654663085938
2597, 1462.3077519237995, 1, 15.54499250400022, 397, 1100417,                                                 1000000, 14.021797180175781, 178.7694091796875
2598, -90.0673155784607, 1, 33.00683077800022, 865, 1101282,                                                 1000000, 14.26682186126709, 178.63926696777344
2599, 429.4910865277052, 1, 24.566984617000344, 639, 1101921,                                                 1000000, 13.998505592346191, 178.59146118164062
2600, 484.1642681956291, 1, 17.16689463200055, 446, 1102367,                                                 1000000, 14.139869689941406, 177.77276611328125
2601, 2022.4902728199959, 1, 11.53826845399999, 291, 1102658,                                                 1000000, 14.465577125549316, 179.1803741455078
2602, -3956.7105617523193, 1, 38.02232777500012, 1002, 1103660,                                                 1000000, 14.451629638671875, 178.9759063720703
2603, -2836.220447540283, 3, 1.5042376929995953, 30, 1103690,                                                 1000000, 13.951421737670898, 181.33193969726562
2604, 1997.8242039978504, 1, 14.563129298000604, 379, 1104069,                                                 1000000, 13.708126068115234, 178.93865966796875
2605, 870.1338006556034, 1, 22.563349357000334, 592, 1104661,                                                 1000000, 13.75893783569336, 178.08804321289062
2606, -2877.5096067786217, 2, 8.151863710000725, 214, 1104875,                                                 1000000, 15.150260925292969, 180.3540802001953
2607, 1601.1976662874222, 1, 15.145113701999435, 388, 1105263,                                                 1000000, 14.741863250732422, 178.91500854492188
2608, -1324.223024636507, 1, 32.995530559000144, 862, 1106125,                                                 1000000, 14.111815452575684, 178.49046325683594
2609, -2911.6989357471466, 3, 4.114798369999335, 100, 1106225,                                                 1000000, 13.832786560058594, 178.44029235839844
2610, 1742.1790206432343, 1, 13.563535477000187, 356, 1106581,                                                 1000000, 14.412206649780273, 180.84776306152344
2611, 233.9826907813549, 1, 21.96981250600038, 564, 1107145,                                                 1000000, 14.980513572692871, 178.44110107421875
2612, -943.3353061079979, 1, 27.37275149299967, 715, 1107860,                                                 1000000, 14.076475143432617, 178.76849365234375
2613, 1056.8313606977463, 1, 20.356048753999858, 528, 1108388,                                                 1000000, 14.362359046936035, 178.70803833007812
2614, 1539.798942744732, 1, 17.16080842500014, 452, 1108840,                                                 1000000, 14.888514518737793, 179.601806640625
2615, -2607.9012699127197, 3, 1.5052648339997177, 30, 1108870,                                                 1000000, 14.718422889709473, 180.49766540527344
2616, -208.47370797395706, 1, 22.17145395100033, 579, 1109449,                                                 1000000, 14.89081859588623, 178.7421875
2617, 1331.4194130003452, 1, 12.93442378600048, 334, 1109783,                                                 1000000, 14.875203132629395, 177.93426513671875
2618, 232.56736761331558, 1, 9.543438611000056, 245, 1110028,                                                 1000000, 14.515169143676758, 180.78297424316406
2619, 1860.6529962718487, 1, 15.743832954000027, 406, 1110434,                                                 1000000, 14.995849609375, 177.76959228515625
2620, -4530.599058687687, 3, 14.561395871999594, 379, 1110813,                                                 1000000, 14.059694290161133, 180.4397430419922
2621, 2165.4046271443367, 1, 9.9296609969997, 250, 1111063,                                                 1000000, 14.760512351989746, 180.90090942382812
2622, 2164.6353882551193, 1, 9.745555341, 253, 1111316,                                                 1000000, 15.247406959533691, 180.86573791503906
2623, -4729.854490339756, 3, 22.17048534100013, 567, 1111883,                                                 1000000, 14.474395751953125, 180.197265625
2624, 2327.662600055337, 1, 8.322386436999295, 207, 1112090,                                                 1000000, 13.76014232635498, 178.60923767089844
2625, 434.6775500923395, 1, 25.970470817000205, 678, 1112768,                                                 1000000, 14.748112678527832, 179.42417907714844
2626, 565.0055152773857, 1, 15.568773873000282, 408, 1113176,                                                 1000000, 14.60318660736084, 182.1868896484375
2627, -3063.642309129238, 2, 12.548451206000209, 315, 1113491,                                                 1000000, 13.814906120300293, 180.4621124267578
2628, -2525.1726335287094, 3, 9.544807115999902, 245, 1113736,                                                 1000000, 14.283503532409668, 181.10060119628906
2629, 2114.4576228260994, 1, 9.327123156999733, 241, 1113977,                                                 1000000, 15.11990737915039, 182.34164428710938
2630, 1600.6872391104698, 1, 18.752534222999202, 487, 1114464,                                                 1000000, 14.994757652282715, 179.57681274414062
2631, 960.8370912671089, 1, 17.972319149000214, 476, 1114940,                                                 1000000, 14.660483360290527, 180.67486572265625
2632, -2519.2384046912193, 3, 6.517316946000392, 163, 1115103,                                                 1000000, 14.897912979125977, 179.73361206054688
2633, 1841.8825041353703, 1, 11.552663352999843, 302, 1115405,                                                 1000000, 14.514566421508789, 179.5690460205078
2634, -3730.828122138977, 3, 14.740722505000122, 381, 1115786,                                                 1000000, 14.52794075012207, 178.8502655029297
2635, -4.247104585170746, 1, 27.78917879800065, 732, 1116518,                                                 1000000, 14.641324043273926, 178.56394958496094
2636, 1359.1811127066612, 1, 14.743100818999665, 384, 1116902,                                                 1000000, 15.54733943939209, 180.50975036621094
2637, 1443.0051818788052, 1, 17.568423454000367, 464, 1117366,                                                 1000000, 14.56531047821045, 178.70736694335938
2638, 343.2104135453701, 1, 12.155214106999665, 307, 1117673,                                                 1000000, 14.80005931854248, 179.31613159179688
2639, -3351.4878215789795, 3, 2.1352664589994674, 53, 1117726,                                                 1000000, 13.464798927307129, 178.39767456054688
2640, 2175.9531817138195, 1, 10.329806908999672, 262, 1117988,                                                 1000000, 14.773815155029297, 178.1153564453125
2641, -4511.663259267807, 3, 7.542990963999728, 195, 1118183,                                                 1000000, 15.216552734375, 179.12191772460938
2642, -1071.4548657536507, 1, 24.171845955999743, 630, 1118813,                                                 1000000, 13.879863739013672, 179.18609619140625
2643, 1261.8080209493637, 1, 19.978102012999443, 531, 1119344,                                                 1000000, 15.092964172363281, 179.66082763671875
2644, -3685.524254143238, 3, 18.55452837699977, 482, 1119826,                                                 1000000, 14.20690631866455, 179.34617614746094
2645, -566.299883171916, 1, 24.37032219499997, 639, 1120465,                                                 1000000, 14.397320747375488, 177.75662231445312
2646, -3788.912178337574, 2, 14.972752781999588, 394, 1120859,                                                 1000000, 14.255495071411133, 179.21360778808594
2647, 2199.6423407793045, 1, 6.31756966499961, 162, 1121021,                                                 1000000, 15.272720336914062, 180.1099395751953
2648, 1365.2914211899042, 1, 21.980476509000255, 576, 1121597,                                                 1000000, 13.848580360412598, 180.0413055419922
2649, 1742.8128624260426, 1, 21.762002944000415, 571, 1122168,                                                 1000000, 14.087980270385742, 178.1939239501953
2650, -3082.437125325203, 2, 9.939503460000196, 262, 1122430,                                                 1000000, 14.457683563232422, 177.96136474609375
2651, 2049.6058844029903, 1, 11.329525097999976, 295, 1122725,                                                 1000000, 15.030708312988281, 178.04698181152344
2652, 1407.9171380400658, 1, 20.582577518000107, 538, 1123263,                                                 1000000, 15.545326232910156, 178.364990234375
2653, -3835.138284265995, 1, 23.157971874000395, 606, 1123869,                                                 1000000, 14.241718292236328, 177.98533630371094
2654, 1707.0874975025654, 1, 21.183817950000048, 559, 1124428,                                                 1000000, 14.760656356811523, 176.91294860839844
2655, 1497.340452760458, 1, 16.944399895999595, 439, 1124867,                                                 1000000, 14.665401458740234, 178.82574462890625
2656, 1055.2574809193611, 1, 25.591219533000185, 674, 1125541,                                                 1000000, 14.372373580932617, 176.82713317871094
2657, -3497.538295865059, 3, 9.32749789799982, 239, 1125780,                                                 1000000, 13.992419242858887, 176.77926635742188
2658, 1941.165439337492, 1, 13.951104097000098, 366, 1126146,                                                 1000000, 14.485922813415527, 177.3397674560547
2659, -3065.04152148962, 3, 13.937446943000396, 357, 1126503,                                                 1000000, 14.958045959472656, 177.72930908203125
2660, 1832.9360277354717, 1, 14.357895268999528, 377, 1126880,                                                 1000000, 14.576473236083984, 177.9290008544922
2661, 1448.7437837719917, 1, 26.171853046999786, 686, 1127566,                                                 1000000, 15.5399751663208, 177.61329650878906
2662, -160.6172502040863, 1, 14.363022498000646, 379, 1127945,                                                 1000000, 13.695623397827148, 177.99795532226562
2663, 972.3515690267086, 1, 18.146107209000547, 475, 1128420,                                                 1000000, 14.014806747436523, 176.83621215820312
2664, 865.2208089530468, 1, 14.947269866999704, 384, 1128804,                                                 1000000, 14.187970161437988, 177.81396484375
2665, 787.2782796770334, 1, 27.802512272999593, 735, 1129539,                                                 1000000, 14.332679748535156, 176.73297119140625
2666, -8429.655158042908, 2, 26.370621879000282, 689, 1130228,                                                 1000000, 14.078893661499023, 176.77012634277344
2667, 866.825792580843, 1, 14.166101114999947, 375, 1130603,                                                 1000000, 15.054973602294922, 176.07008361816406
2668, -1236.913136601448, 1, 40.595190355999875, 1069, 1131672,                                                 1000000, 14.719514846801758, 176.67056274414062
2669, 1510.409448876977, 1, 21.351745252999535, 554, 1132226,                                                 1000000, 13.490437507629395, 176.07940673828125
2670, 1740.0229161530733, 1, 15.961689965000005, 420, 1132646,                                                 1000000, 14.595036506652832, 175.59788513183594
2671, 314.9960091114044, 1, 18.74722920699969, 494, 1133140,                                                 1000000, 14.263514518737793, 175.04684448242188
2672, -1105.7815923392773, 1, 30.18846102599946, 796, 1133936,                                                 1000000, 14.44537353515625, 176.00025939941406
2673, 23.102993696928024, 1, 21.55400703400028, 569, 1134505,                                                 1000000, 14.049696922302246, 176.5107879638672
2674, 1876.60811150074, 1, 10.150049261999811, 270, 1134775,                                                 1000000, 15.49181842803955, 173.99563598632812
2675, 1242.659634143114, 1, 15.541227200999856, 407, 1135182,                                                 1000000, 14.35000991821289, 176.80284118652344
2676, -4060.566435277462, 2, 24.170244599999933, 630, 1135812,                                                 1000000, 13.958252906799316, 175.8907928466797
2677, 2382.4263908863068, 1, 4.137380086000121, 108, 1135920,                                                 1000000, 12.844189643859863, 176.28480529785156
2678, -4205.624862194061, 2, 23.766657158999806, 625, 1136545,                                                 1000000, 14.318987846374512, 177.12841796875
2679, 2065.3213641494513, 1, 12.961884093000663, 338, 1136883,                                                 1000000, 14.697806358337402, 174.67323303222656
2680, 1532.3915083259344, 1, 20.961715895999987, 545, 1137428,                                                 1000000, 13.981966972351074, 174.7525177001953
2681, 844.6367043554783, 1, 15.974118441000428, 426, 1137854,                                                 1000000, 13.899806022644043, 174.95582580566406
2682, 2177.360413879156, 1, 9.927502956000353, 257, 1138111,                                                 1000000, 15.17064380645752, 176.70770263671875
2683, 1286.6971040964127, 1, 17.752183109000725, 466, 1138577,                                                 1000000, 13.7393217086792, 174.14781188964844
2684, -2442.1045274734497, 3, 1.327706082000077, 30, 1138607,                                                 1000000, 12.917576789855957, 173.61770629882812
2685, 2142.8917925953865, 1, 10.526923954000267, 274, 1138881,                                                 1000000, 14.285026550292969, 173.87945556640625
2686, 1337.1935186982155, 1, 22.789316497000073, 604, 1139485,                                                 1000000, 14.20030403137207, 175.5624542236328
2687, 1511.4296270608902, 1, 16.142166776000522, 419, 1139904,                                                 1000000, 13.770084381103516, 174.41505432128906
2688, -3247.4762258529663, 3, 18.754739205999613, 479, 1140383,                                                 1000000, 14.315997123718262, 176.58056640625
2689, 1975.7479397654533, 1, 11.349945140000273, 299, 1140682,                                                 1000000, 14.621435165405273, 176.7498779296875
2690, 509.7547788619995, 1, 21.95628581100027, 570, 1141252,                                                 1000000, 14.8707275390625, 177.43626403808594
2691, 583.6597065776587, 1, 25.59317175599972, 672, 1141924,                                                 1000000, 14.74780559539795, 175.3392333984375
2692, -71.39572949707508, 1, 25.971550279999974, 685, 1142609,                                                 1000000, 13.952059745788574, 174.886962890625
2693, -4783.394200325012, 3, 23.982692173999567, 628, 1143237,                                                 1000000, 14.64239501953125, 175.30429077148438
2694, 2123.686460852623, 1, 10.928620456999852, 285, 1143522,                                                 1000000, 14.478326797485352, 174.42384338378906
2695, -2871.7689037323, 3, 12.56084770599955, 328, 1143850,                                                 1000000, 14.98892593383789, 175.95436096191406
2696, 2217.997265636921, 1, 5.917052907000652, 150, 1144000,                                                 1000000, 15.807027816772461, 174.6178436279297
2697, -406.8010895550251, 1, 30.98205273700023, 814, 1144814,                                                 1000000, 14.607720375061035, 176.4827423095703
2698, 1457.1006549596786, 1, 18.16500376300064, 475, 1145289,                                                 1000000, 14.927520751953125, 174.9030303955078
2699, 1195.7218718528748, 1, 13.736928153999543, 358, 1145647,                                                 1000000, 15.087985038757324, 178.17457580566406
2700, -3034.811728000641, 3, 9.95156976599992, 260, 1145907,                                                 1000000, 14.178855895996094, 177.03768920898438
2701, 2001.9042963385582, 1, 14.379577471999255, 365, 1146272,                                                 1000000, 13.781410217285156, 177.4357147216797
2702, 954.2599152028561, 1, 30.00819022699943, 798, 1147070,                                                 1000000, 13.540675163269043, 176.30841064453125
2703, -5443.90609306097, 2, 22.965286713999376, 603, 1147673,                                                 1000000, 14.8662691116333, 174.55198669433594
2704, 2049.166040956974, 1, 9.95179146099963, 259, 1147932,                                                 1000000, 14.892951965332031, 172.71983337402344
2705, 1083.031280875206, 1, 20.55680696499985, 535, 1148467,                                                 1000000, 13.559469223022461, 174.6607666015625
2706, 1344.2401645183563, 1, 24.175773515999936, 629, 1149096,                                                 1000000, 14.171533584594727, 174.91712951660156
2707, -98.14837568998337, 1, 17.963694687000498, 470, 1149566,                                                 1000000, 13.732975006103516, 176.10987854003906
2708, 1626.7444010078907, 1, 14.938418892999834, 386, 1149952,                                                 1000000, 14.11168098449707, 174.68692016601562
2709, 1085.4525156021118, 1, 21.78484546999971, 578, 1150530,                                                 1000000, 14.075603485107422, 175.6119842529297
2710, -2528.2036969661713, 3, 1.7227221160001136, 30, 1150560,                                                 1000000, 12.090072631835938, 171.7864532470703
2711, 1545.14822524786, 1, 13.736987066999973, 357, 1150917,                                                 1000000, 14.030522346496582, 175.197998046875
2712, -94.78199362754822, 1, 24.782047343999693, 649, 1151566,                                                 1000000, 14.448711395263672, 173.43101501464844
2713, 24.207607120275497, 1, 18.34869321000042, 478, 1152044,                                                 1000000, 13.31047248840332, 173.7641143798828
2714, 1495.7097874879837, 1, 14.758945657000368, 388, 1152432,                                                 1000000, 14.423110008239746, 175.07325744628906
2715, 491.59826385974884, 1, 14.539623769999707, 377, 1152809,                                                 1000000, 14.052164077758789, 173.32542419433594
2716, -124.82324913144112, 1, 20.58385181599988, 542, 1153351,                                                 1000000, 13.562585830688477, 174.09217834472656
2717, 1930.93227571249, 1, 11.33659666099993, 289, 1153640,                                                 1000000, 14.007417678833008, 174.51055908203125
2718, 1418.8895368874073, 1, 9.529584540999167, 247, 1153887,                                                 1000000, 13.656471252441406, 176.10475158691406
2719, 1325.4172129034996, 1, 16.56759216899991, 433, 1154320,                                                 1000000, 12.902067184448242, 176.15377807617188
2720, 1226.6288400292397, 1, 27.976787320999392, 732, 1155052,                                                 1000000, 13.825779914855957, 173.96827697753906
2721, 687.9867913126945, 1, 20.15611142799935, 519, 1155571,                                                 1000000, 14.139005661010742, 173.49501037597656
2722, -5572.065079391003, 3, 22.565102729999126, 594, 1156165,                                                 1000000, 14.216615676879883, 173.97047424316406
2723, 651.196525990963, 1, 10.752645012000357, 281, 1156446,                                                 1000000, 14.507957458496094, 173.8048095703125
2724, 1543.513770878315, 1, 22.975065896999695, 595, 1157041,                                                 1000000, 13.868036270141602, 174.16494750976562
2725, 1808.6418371200562, 1, 16.77599890900001, 441, 1157482,                                                 1000000, 14.564370155334473, 173.86981201171875
2726, 2036.5290197730064, 1, 10.927287544000137, 279, 1157761,                                                 1000000, 14.07479476928711, 174.9685821533203
2727, -2396.4482963085175, 3, 1.5231409119996897, 36, 1157797,                                                 1000000, 16.602066040039062, 171.0089874267578
2728, 1415.1870006918907, 1, 18.350003612000364, 477, 1158274,                                                 1000000, 14.066121101379395, 173.67181396484375
2729, 1699.4828297942877, 1, 21.15364416400007, 556, 1158830,                                                 1000000, 14.227859497070312, 173.9961700439453
2730, -4065.5716313123703, 2, 17.976641524000115, 471, 1159301,                                                 1000000, 14.036532402038574, 173.5078887939453
2731, -2161.865317374468, 1, 24.988560762000816, 645, 1159946,                                                 1000000, 14.07992935180664, 173.349609375
2732, 1282.9475297629833, 1, 21.377109328999722, 567, 1160513,                                                 1000000, 14.230875015258789, 173.4587860107422
2733, -1394.9258550703526, 1, 41.60587940299956, 1088, 1161601,                                                 1000000, 14.56131649017334, 174.10372924804688
2734, 1162.1325025111437, 1, 21.56708255600006, 566, 1162167,                                                 1000000, 13.62141227722168, 173.68556213378906
2735, 1494.8754137158394, 1, 23.377728217000367, 606, 1162773,                                                 1000000, 13.921957015991211, 173.48483276367188
2736, -4208.213739514351, 3, 21.35669482999947, 558, 1163331,                                                 1000000, 14.810035705566406, 174.51229858398438
2737, 2184.1511034965515, 1, 6.135181708000346, 160, 1163491,                                                 1000000, 13.952127456665039, 172.63845825195312
2738, -389.5875172019005, 1, 23.770529075000013, 621, 1164112,                                                 1000000, 14.073792457580566, 172.92953491210938
2739, 256.3716857433319, 1, 17.87023919800049, 478, 1164590,                                                 1000000, 13.302248001098633, 173.38265991210938
2740, 2455.8051253557205, 1, 1.147409954000068, 30, 1164620,                                                 1000000, 12.98291301727295, 174.16036987304688
2741, -135.75581312179565, 1, 20.24898749299973, 389, 1165009,                                                 1000000, 14.468500137329102, 173.42691040039062
2742, 1966.772334933281, 1, 6.75570622900068, 158, 1165167,                                                 1000000, 14.498224258422852, 171.2996368408203
2743, -3807.0208043456078, 2, 13.543475075999595, 348, 1165515,                                                 1000000, 15.248695373535156, 174.22354125976562
2744, 1060.2591344118118, 1, 15.344905650999863, 407, 1165922,                                                 1000000, 14.225976943969727, 172.91317749023438
2745, 1436.6920129656792, 1, 15.560198522000064, 427, 1166349,                                                 1000000, 13.986620903015137, 173.0487823486328
2746, 699.8526412248611, 1, 19.35520683699997, 524, 1166873,                                                 1000000, 13.817730903625488, 173.0265655517578
2747, -2791.9709887504578, 3, 3.5112341340000057, 93, 1166966,                                                 1000000, 11.878805160522461, 173.3604278564453
2748, 1845.8381589055061, 1, 13.758161900000232, 380, 1167346,                                                 1000000, 13.55490493774414, 173.95834350585938
2749, -4286.004121363163, 3, 14.339331744999981, 385, 1167731,                                                 1000000, 14.196091651916504, 172.7904815673828
2750, 1883.4463104605675, 1, 11.732189065000057, 314, 1168045,                                                 1000000, 14.281100273132324, 173.1567840576172
2751, -4634.784313380718, 3, 13.958663654999327, 382, 1168427,                                                 1000000, 14.05724811553955, 173.18057250976562
2752, 2100.1059678792953, 1, 10.526404595999338, 287, 1168714,                                                 1000000, 14.528363227844238, 174.59580993652344
2753, 1715.6768494397402, 1, 20.554432238999652, 564, 1169278,                                                 1000000, 14.391326904296875, 173.67176818847656
2754, 498.36253759264946, 1, 21.36797175800075, 585, 1169863,                                                 1000000, 13.929591178894043, 173.70823669433594
2755, 904.1328525543213, 1, 17.150287207000474, 471, 1170334,                                                 1000000, 14.369927406311035, 174.31976318359375
2756, 991.096292078495, 1, 19.75564851300078, 542, 1170876,                                                 1000000, 14.266995429992676, 174.27316284179688
2757, -4845.674101293087, 2, 36.398247985000125, 1013, 1171889,                                                 1000000, 14.199013710021973, 174.2199249267578
2758, 2248.665390640497, 1, 10.549660496999422, 283, 1172172,                                                 1000000, 14.640398979187012, 173.01290893554688
2759, -636.5476076602936, 1, 14.150183208000271, 389, 1172561,                                                 1000000, 14.39106559753418, 172.65707397460938
2760, 168.39995953440666, 1, 18.35167245899993, 502, 1173063,                                                 1000000, 14.716291427612305, 174.2189483642578
2761, 1230.3865384757519, 1, 16.146369074000177, 448, 1173511,                                                 1000000, 14.051549911499023, 174.00599670410156
2762, 266.105155646801, 1, 23.795864179001, 673, 1174184,                                                 1000000, 14.631210327148438, 172.89906311035156
2763, -1406.2145544290543, 1, 26.766941883999607, 741, 1174925,                                                 1000000, 14.428807258605957, 173.97463989257812
2764, 985.2491970062256, 1, 18.95509238900013, 528, 1175453,                                                 1000000, 13.652813911437988, 172.95541381835938
2765, 2069.7006326913834, 1, 8.147286897999948, 229, 1175682,                                                 1000000, 15.05441951751709, 172.03111267089844
2766, 1335.9241480529308, 1, 14.137217175000842, 389, 1176071,                                                 1000000, 14.521559715270996, 173.4480438232422
2767, 784.0919219553471, 1, 17.548896152000452, 483, 1176554,                                                 1000000, 13.94206714630127, 173.3004608154297
2768, 1554.2813467979431, 1, 16.96386244000132, 478, 1177032,                                                 1000000, 14.494901657104492, 173.5257568359375
2769, -859.3380655050278, 1, 24.969797825999194, 689, 1177721,                                                 1000000, 14.481917381286621, 172.1693878173828
2770, -952.7434013485909, 1, 29.406973086999642, 818, 1178539,                                                 1000000, 13.990217208862305, 173.08555603027344
2771, -4682.335449457169, 2, 13.545634141999471, 370, 1178909,                                                 1000000, 14.242525100708008, 172.72531127929688
2772, 1620.9473324716091, 1, 15.543008908998672, 429, 1179338,                                                 1000000, 14.78576946258545, 172.55441284179688
2773, -3302.851084589958, 3, 11.153279339001529, 307, 1179645,                                                 1000000, 13.220951080322266, 172.72422790527344
2774, -2699.9805091023445, 3, 9.325599709000016, 250, 1179895,                                                 1000000, 13.868464469909668, 172.52525329589844
2775, 2215.0819638818502, 1, 6.116422778000924, 162, 1180057,                                                 1000000, 13.075769424438477, 172.39614868164062
2776, -2981.146767139435, 2, 13.945197514000029, 382, 1180439,                                                 1000000, 13.414793968200684, 172.76100158691406
2777, 2082.7089192569256, 1, 10.125301927000692, 274, 1180713,                                                 1000000, 14.090886116027832, 173.01446533203125
2778, 1701.8796364665031, 1, 20.179338048001227, 539, 1181252,                                                 1000000, 13.819169998168945, 174.09828186035156
2779, 557.9474567323923, 1, 21.561194288999104, 588, 1181840,                                                 1000000, 14.762572288513184, 173.88278198242188
2780, -3129.021616458893, 3, 16.346300151999458, 450, 1182290,                                                 1000000, 14.65223217010498, 173.7630157470703
2781, 1855.2587137967348, 1, 17.153507580000223, 393, 1182683,                                                 1000000, 13.99680233001709, 173.1925506591797
2782, 677.5220022499561, 1, 20.373897030998705, 565, 1183248,                                                 1000000, 13.793581008911133, 173.71133422851562
2783, 1894.2262409180403, 1, 15.143476129998817, 382, 1183630,                                                 1000000, 14.420665740966797, 173.2965545654297
2784, 1279.3252599537373, 1, 12.957345528000587, 345, 1183975,                                                 1000000, 14.369062423706055, 172.87742614746094
2785, -3961.829133629799, 3, 13.338588773000083, 337, 1184312,                                                 1000000, 13.99789047241211, 174.04910278320312
2786, 675.9763544797897, 1, 10.529570239999885, 275, 1184587,                                                 1000000, 15.663872718811035, 175.7687225341797
2787, 2083.446718633175, 1, 10.531996245999835, 278, 1184865,                                                 1000000, 13.071049690246582, 173.17730712890625
2788, -2839.6435067653656, 2, 5.7207743729995855, 150, 1185015,                                                 1000000, 13.788240432739258, 174.45152282714844
2789, 2335.268678188324, 1, 4.319849769999564, 112, 1185127,                                                 1000000, 14.0047607421875, 173.59066772460938
2790, -3803.418240070343, 2, 14.34112089700102, 397, 1185524,                                                 1000000, 14.528719902038574, 175.04916381835938
2791, -2676.2399657964706, 3, 9.743499506999797, 255, 1185779,                                                 1000000, 14.428802490234375, 174.13661193847656
2792, 524.50711992383, 1, 14.339907221999965, 382, 1186161,                                                 1000000, 14.152924537658691, 174.96827697753906
2793, -844.345968991518, 1, 27.575579606998872, 755, 1186916,                                                 1000000, 13.801594734191895, 174.71560668945312
2794, -3815.6078855395317, 3, 20.15243385500071, 556, 1187472,                                                 1000000, 14.545639991760254, 175.41697692871094
2795, 2205.2182371616364, 1, 6.522476250000182, 171, 1187643,                                                 1000000, 14.621459007263184, 176.19515991210938
2796, 936.3633864223957, 1, 22.75707357200008, 629, 1188272,                                                 1000000, 14.131057739257812, 173.6803741455078
2797, 317.6458144634962, 1, 20.378285666998636, 568, 1188840,                                                 1000000, 14.026961326599121, 175.1764678955078
2798, 400.9067987203598, 1, 20.159288258999368, 552, 1189392,                                                 1000000, 14.237774848937988, 175.35955810546875
2799, 1576.18467476964, 1, 10.957088453000324, 305, 1189697,                                                 1000000, 14.377366065979004, 174.92306518554688
2800, -5114.949257910252, 3, 18.951759918998505, 519, 1190216,                                                 1000000, 14.58265495300293, 175.58819580078125
2801, 2202.3267812877893, 1, 9.708665239999391, 262, 1190478,                                                 1000000, 14.333093643188477, 175.2835235595703
2802, -4624.724281907082, 3, 6.945258961999571, 192, 1190670,                                                 1000000, 15.483689308166504, 174.16981506347656
2803, 1696.9646250903606, 1, 16.552480717000435, 456, 1191126,                                                 1000000, 13.887983322143555, 174.76614379882812
2804, 2002.868196129799, 1, 11.93311981000079, 332, 1191458,                                                 1000000, 13.921464920043945, 174.05563354492188
2805, 1243.8403748571873, 1, 21.18549486899974, 582, 1192040,                                                 1000000, 14.20882511138916, 174.6161346435547
2806, 2410.5124155282974, 1, 1.0833666720009205, 30, 1192070,                                                 1000000, 13.689544677734375, 178.67457580566406
2807, 1436.2857583761215, 1, 8.95114640400061, 249, 1192319,                                                 1000000, 13.893177032470703, 174.93560791015625
2808, 2452.470477581024, 1, 1.0498182899991662, 30, 1192349,                                                 1000000, 11.59865665435791, 176.80364990234375
2809, 1643.2150523662567, 1, 6.445173709998926, 182, 1192531,                                                 1000000, 13.674650192260742, 175.24488830566406
2810, 1845.5421710014343, 1, 1.0474924410009407, 30, 1192561,                                                 1000000, 15.15231704711914, 174.8490753173828
2811, 2393.6884410381317, 1, 1.0794358189996274, 30, 1192591,                                                 1000000, 15.687820434570312, 174.90756225585938
2812, 1820.1797862052917, 1, 6.516961970999546, 185, 1192776,                                                 1000000, 13.818387031555176, 173.94395446777344
2813, 2420.2783048152924, 1, 1.1436510809999163, 30, 1192806,                                                 1000000, 15.90506362915039, 173.34158325195312
2814, 2351.008635997772, 1, 1.080921026001306, 30, 1192836,                                                 1000000, 12.852654457092285, 174.423828125
2815, 2040.1647579669952, 1, 3.9561288170007174, 110, 1192946,                                                 1000000, 14.81473159790039, 176.6667022705078
2816, 2460.645891368389, 1, 1.0335902480001096, 30, 1192976,                                                 1000000, 17.86011505126953, 177.4380340576172
2817, -2390.6762294769287, 3, 1.1389364499991643, 32, 1193008,                                                 1000000, 12.833015441894531, 176.0596466064453
2818, 1747.0934352874756, 1, 1.0981879249993654, 30, 1193038,                                                 1000000, 13.243037223815918, 172.55813598632812
2819, 1736.0497798919678, 1, 1.075163497000176, 30, 1193068,                                                 1000000, 14.406888008117676, 179.9951934814453
2820, 1708.9799938201904, 1, 1.0533746740002243, 30, 1193098,                                                 1000000, 11.916848182678223, 172.53274536132812
2821, 1712.3332805633545, 1, 1.1373841799995716, 30, 1193128,                                                 1000000, 16.602750778198242, 177.99655151367188
2822, 1716.4582328796387, 1, 1.1093273679998674, 30, 1193158,                                                 1000000, 13.22055721282959, 174.33718872070312
2823, 1706.07275390625, 1, 1.071088320999479, 30, 1193188,                                                 1000000, 12.644831657409668, 175.6127166748047
2824, 1678.0875663757324, 1, 1.0652839579997817, 30, 1193218,                                                 1000000, 18.523813247680664, 170.1185760498047
2825, 1688.4564590454102, 1, 1.1179426990001957, 30, 1193248,                                                 1000000, 13.415644645690918, 177.71527099609375
2826, 1746.2399635314941, 1, 1.0449263889986469, 30, 1193278,                                                 1000000, 17.59449005126953, 181.67041015625
2827, 1699.9861736297607, 1, 1.073471026000334, 30, 1193308,                                                 1000000, 17.71712875366211, 173.3306121826172
2828, 1704.3231754302979, 1, 1.053356050999355, 30, 1193338,                                                 1000000, 11.729305267333984, 173.77708435058594
2829, 1726.1044521331787, 1, 1.1585608629993658, 30, 1193368,                                                 1000000, 15.998682022094727, 176.52166748046875
2830, 1694.0027904510498, 1, 1.0644387909997022, 30, 1193398,                                                 1000000, 11.973928451538086, 177.78619384765625
2831, 1708.1674156188965, 1, 1.044477461000497, 30, 1193428,                                                 1000000, 16.292091369628906, 175.34933471679688
2832, 1738.6159591674805, 1, 1.037404732000141, 30, 1193458,                                                 1000000, 12.729517936706543, 173.63653564453125
2833, 1732.2143745422363, 1, 1.0698455319998175, 30, 1193488,                                                 1000000, 12.887192726135254, 173.9145050048828
2834, 1751.6064643859863, 1, 1.062355160000152, 30, 1193518,                                                 1000000, 16.101234436035156, 177.98655700683594
2835, 1715.6746807098389, 1, 1.0952982510007132, 30, 1193548,                                                 1000000, 15.951370239257812, 175.0038604736328
2836, 1740.2747802734375, 1, 1.0308956230001058, 30, 1193578,                                                 1000000, 14.581494331359863, 178.54945373535156
2837, 1726.003921508789, 1, 1.0705832229996304, 30, 1193608,                                                 1000000, 16.917665481567383, 180.9551544189453
2838, 1745.9517726898193, 1, 1.0799916659998416, 30, 1193638,                                                 1000000, 11.473676681518555, 176.10968017578125
2839, 1742.467981338501, 1, 1.070677773999705, 30, 1193668,                                                 1000000, 16.368844985961914, 171.7931365966797
2840, 1711.4741096496582, 1, 1.0825019079984486, 30, 1193698,                                                 1000000, 15.802842140197754, 172.4249725341797
2841, -2725.6781787872314, 2, 1.0164256269999896, 30, 1193728,                                                 1000000, 14.998275756835938, 175.46234130859375
2842, 1732.1372413635254, 1, 1.0811985410000489, 30, 1193758,                                                 1000000, 11.90006160736084, 170.38055419921875
2843, 1803.156536102295, 1, 1.0770724260000861, 30, 1193788,                                                 1000000, 12.474247932434082, 172.6852569580078
2844, 1691.38205909729, 1, 1.1444069360004505, 30, 1193818,                                                 1000000, 12.862746238708496, 176.84942626953125
2845, 1713.9485359191895, 1, 1.1226908730004652, 30, 1193848,                                                 1000000, 12.744325637817383, 175.32150268554688
2846, 1735.8864860534668, 1, 1.0522300339998765, 30, 1193878,                                                 1000000, 12.834761619567871, 174.29022216796875
2847, 1711.2174015045166, 1, 1.0797747169999639, 30, 1193908,                                                 1000000, 14.843083381652832, 173.61611938476562
2848, 1673.0647640228271, 1, 1.0722115690005012, 30, 1193938,                                                 1000000, 11.91701602935791, 168.67129516601562
2849, 1692.2431964874268, 1, 1.0862937700003386, 30, 1193968,                                                 1000000, 15.235967636108398, 173.90000915527344
2850, 1740.8101234436035, 1, 1.07263206099924, 30, 1193998,                                                 1000000, 14.950516700744629, 172.44088745117188
2851, 1630.0485553741455, 1, 1.06695088899869, 30, 1194028,                                                 1000000, 14.481945037841797, 175.72463989257812
2852, 1762.3642768859863, 1, 1.0908333099996526, 30, 1194058,                                                 1000000, 15.717670440673828, 169.32875061035156
2853, 1759.250888824463, 1, 1.0413806569995359, 30, 1194088,                                                 1000000, 13.720800399780273, 179.63787841796875
2854, 1749.777114868164, 1, 1.0974386859998049, 30, 1194118,                                                 1000000, 12.792587280273438, 181.25442504882812
2855, 1698.3309497833252, 1, 1.0618542170013825, 30, 1194148,                                                 1000000, 14.766265869140625, 173.82818603515625
2856, 1712.838466644287, 1, 1.1061216599991894, 30, 1194178,                                                 1000000, 12.908584594726562, 170.03126525878906
2857, 1613.3181114196777, 1, 1.0553049610007292, 30, 1194208,                                                 1000000, 18.62295150756836, 175.61717224121094
2858, 1636.3119659423828, 1, 1.082824019000327, 30, 1194238,                                                 1000000, 11.086063385009766, 172.27236938476562
2859, 1719.9361209869385, 1, 1.0709479029992508, 30, 1194268,                                                 1000000, 14.313748359680176, 175.33775329589844
2860, 1641.8056449890137, 1, 1.0494984759989165, 30, 1194298,                                                 1000000, 11.731610298156738, 175.88877868652344
2861, 1572.1961269378662, 1, 1.1116515150006308, 30, 1194328,                                                 1000000, 16.084943771362305, 181.0309600830078
2862, 1598.0145301818848, 1, 1.0682735320006032, 30, 1194358,                                                 1000000, 16.094629287719727, 177.32418823242188
2863, 1627.8286037445068, 1, 1.043533871999898, 30, 1194388,                                                 1000000, 15.785759925842285, 176.2860565185547
2864, 1646.33597946167, 1, 1.0357683229995018, 30, 1194418,                                                 1000000, 15.877410888671875, 178.83981323242188
2865, 1659.2916507720947, 1, 1.0840348090005136, 30, 1194448,                                                 1000000, 13.253292083740234, 172.31838989257812
2866, 1691.170223236084, 1, 1.0832503940000606, 30, 1194478,                                                 1000000, 16.454538345336914, 172.54835510253906
2867, 1704.0601844787598, 1, 1.113555023999652, 30, 1194508,                                                 1000000, 12.903214454650879, 170.83587646484375
2868, 1711.3587741851807, 1, 1.0687468520009133, 30, 1194538,                                                 1000000, 16.389909744262695, 177.67308044433594
2869, 1729.8918914794922, 1, 1.1002907949987275, 30, 1194568,                                                 1000000, 12.525604248046875, 177.46237182617188
2870, 1718.9948387145996, 1, 1.1139860879993648, 30, 1194598,                                                 1000000, 14.270155906677246, 180.4539337158203
2871, 1721.3691787719727, 1, 1.1552410019994568, 30, 1194628,                                                 1000000, 14.228757858276367, 175.98434448242188
2872, 1712.8360996246338, 1, 1.143639494001036, 30, 1194658,                                                 1000000, 16.29439926147461, 170.17974853515625
2873, 1713.406566619873, 1, 1.1368614139992133, 30, 1194688,                                                 1000000, 14.207351684570312, 180.22113037109375
2874, 1718.697229385376, 1, 1.110488053998779, 30, 1194718,                                                 1000000, 13.334850311279297, 174.42762756347656
2875, 1706.2444648742676, 1, 1.1493631730008929, 30, 1194748,                                                 1000000, 14.652725219726562, 176.57838439941406
