episode, reward, success, duration, steps, total_steps, memory length, avg_critic_loss, avg_actor_loss
5201, 2461.4686052799225, 1, 1.8578270219999808, 36, 2172318,                                                 1000000, 16.817583084106445, 201.07196044921875
5202, 1325.0766979157925, 1, 19.177899265999997, 397, 2172715,                                                 1000000, 15.389944076538086, 194.43289184570312
5203, 1099.4594692587852, 1, 17.968599506000032, 372, 2173087,                                                 1000000, 15.204292297363281, 195.45579528808594
5204, 2154.3077648878098, 1, 15.343598362000023, 333, 2173420,                                                 1000000, 15.079300880432129, 190.46315002441406
5205, 1746.1566564142704, 1, 20.589368922999995, 473, 2173893,                                                 1000000, 14.745063781738281, 191.40237426757812
5206, -797.9860143661499, 1, 31.788730817999976, 723, 2174616,                                                 1000000, 14.453015327453613, 194.40452575683594
5207, 1216.0994131565094, 1, 13.378482143999975, 305, 2174921,                                                 1000000, 15.192375183105469, 192.53704833984375
5208, 1972.5326653718948, 1, 13.938112874999945, 316, 2175237,                                                 1000000, 15.684612274169922, 192.9354705810547
5209, -207.22419029474258, 1, 29.787857258999964, 678, 2175915,                                                 1000000, 15.650825500488281, 193.1332244873047
5210, -5392.228535413742, 1, 48.05173704399999, 1093, 2177008,                                                 1000000, 14.788752555847168, 194.00180053710938
5211, -253.31013369560242, 1, 31.393614660000026, 710, 2177718,                                                 1000000, 15.17430305480957, 193.97393798828125
5212, 1800.2190052866936, 1, 16.54512234599997, 372, 2178090,                                                 1000000, 14.512090682983398, 195.30084228515625
5213, 2047.7221885621548, 1, 15.170600898000089, 347, 2178437,                                                 1000000, 15.126035690307617, 194.8575897216797
5214, 2191.4663915634155, 1, 9.730731120999963, 214, 2178651,                                                 1000000, 16.770666122436523, 196.76564025878906
5215, 873.9406200945377, 1, 32.387824002, 735, 2179386,                                                 1000000, 15.19309139251709, 194.70057678222656
5216, 586.1884106695652, 1, 24.567671210999947, 556, 2179942,                                                 1000000, 15.590503692626953, 192.95993041992188
5217, -2206.354897379875, 1, 36.61650390199998, 826, 2180768,                                                 1000000, 14.828045845031738, 193.86639404296875
5218, -238.2797585427761, 1, 21.959986445000027, 498, 2181266,                                                 1000000, 15.768519401550293, 193.97264099121094
5219, 885.3962723016739, 1, 18.77998178300004, 427, 2181693,                                                 1000000, 15.257357597351074, 196.5021514892578
5220, 2132.188999325037, 1, 16.33974689599995, 364, 2182057,                                                 1000000, 15.145848274230957, 195.45449829101562
5221, -456.5340272784233, 1, 39.605674142, 891, 2182948,                                                 1000000, 15.719493865966797, 197.17626953125
5222, -1487.0328661203384, 1, 47.83416186399995, 1077, 2184025,                                                 1000000, 15.618110656738281, 196.23678588867188
5223, 435.7780096232891, 1, 25.197382575000006, 573, 2184598,                                                 1000000, 15.13829517364502, 195.8440704345703
5224, -4149.318560957909, 3, 17.571771719000026, 389, 2184987,                                                 1000000, 15.39753246307373, 195.12672424316406
5225, 2071.381269097328, 1, 11.129668809999998, 246, 2185233,                                                 1000000, 16.91242218017578, 195.4047393798828
5226, -5476.701501250267, 3, 13.76584169199998, 313, 2185546,                                                 1000000, 16.026214599609375, 196.00401306152344
5227, 1729.3602306842804, 1, 17.16937369699997, 381, 2185927,                                                 1000000, 15.063621520996094, 195.28558349609375
5228, 1271.8785422444344, 1, 18.370950591999986, 413, 2186340,                                                 1000000, 15.504592895507812, 197.33460998535156
5229, 949.818268597126, 1, 26.973737354000036, 604, 2186944,                                                 1000000, 15.131991386413574, 196.4893341064453
5230, -2687.8911207318306, 1, 42.83544614699986, 957, 2187901,                                                 1000000, 14.824487686157227, 194.86851501464844
5231, -4471.052085042, 3, 12.539806090999946, 272, 2188173,                                                 1000000, 15.271985054016113, 197.0197296142578
5232, 1936.1562313437462, 1, 11.357595403999994, 249, 2188422,                                                 1000000, 14.8960542678833, 195.83078002929688
5233, 420.12598875164986, 1, 36.59537753099994, 812, 2189234,                                                 1000000, 15.622344970703125, 196.14976501464844
5234, 1060.3132893145084, 1, 20.954679300999942, 463, 2189697,                                                 1000000, 15.393392562866211, 195.71292114257812
5235, 1927.8924611210823, 1, 11.532820885999854, 254, 2189951,                                                 1000000, 15.285845756530762, 196.556640625
5236, -3952.579748213291, 3, 23.402688837999904, 525, 2190476,                                                 1000000, 15.96149730682373, 197.61688232421875
5237, 1884.0842231661081, 1, 14.340853240999877, 312, 2190788,                                                 1000000, 14.483637809753418, 192.85720825195312
5238, 1879.574226886034, 1, 19.571656304000044, 437, 2191225,                                                 1000000, 15.640130043029785, 194.84730529785156
5239, 955.3523779511452, 1, 21.76620590199991, 486, 2191711,                                                 1000000, 15.66159725189209, 194.89637756347656
5240, 2095.8539293408394, 1, 9.324405920000117, 201, 2191912,                                                 1000000, 14.903693199157715, 194.26370239257812
5241, 2224.4637525975704, 1, 8.125150556000108, 178, 2192090,                                                 1000000, 16.07679557800293, 190.4082489013672
5242, -2993.2032202482224, 3, 9.929406855000025, 216, 2192306,                                                 1000000, 15.517792701721191, 193.09803771972656
5243, 2024.4562803804874, 1, 12.37138720300004, 278, 2192584,                                                 1000000, 13.971807479858398, 195.272705078125
5244, -2398.6078802347183, 1, 42.21555967300014, 936, 2193520,                                                 1000000, 14.913920402526855, 193.69970703125
5245, 1705.0196251124144, 1, 19.193494365999868, 430, 2193950,                                                 1000000, 16.01716423034668, 194.26010131835938
5246, 1977.048735499382, 1, 12.933521513999949, 287, 2194237,                                                 1000000, 15.464149475097656, 195.28762817382812
5247, -136.23088762164116, 1, 29.206420791000028, 656, 2194893,                                                 1000000, 14.984780311584473, 192.9295196533203
5248, 1753.070024907589, 1, 21.349140167000087, 474, 2195367,                                                 1000000, 15.292539596557617, 193.7648468017578
5249, 1201.1473543643951, 1, 22.159629993999943, 492, 2195859,                                                 1000000, 15.499370574951172, 195.2336883544922
5250, 1143.1565594375134, 1, 29.385203231999867, 650, 2196509,                                                 1000000, 15.0096435546875, 194.3956298828125
5251, -175.70097264647484, 1, 21.59166543399988, 487, 2196996,                                                 1000000, 15.486062049865723, 195.60581970214844
5252, -2585.1387510299683, 3, 2.1054568930001096, 41, 2197037,                                                 1000000, 14.826944351196289, 196.4295654296875
5253, -2503.6983655691147, 3, 9.127226226999937, 202, 2197239,                                                 1000000, 14.74709415435791, 191.12457275390625
5254, 2289.1638464331627, 1, 8.327434157000198, 182, 2197421,                                                 1000000, 14.269588470458984, 195.2398681640625
5255, 2035.6588917970657, 1, 12.335898184000143, 269, 2197690,                                                 1000000, 14.389749526977539, 194.2501983642578
5256, 1365.9343028068542, 1, 16.750923442000158, 372, 2198062,                                                 1000000, 16.08855628967285, 191.864013671875
5257, 1604.409894555807, 1, 17.94790210300016, 396, 2198458,                                                 1000000, 15.196533203125, 195.9159393310547
5258, -12562.38399630785, 2, 48.05917419000002, 1076, 2199534,                                                 1000000, 15.022892951965332, 195.55526733398438
5259, 1943.693686723709, 1, 14.535998115999973, 322, 2199856,                                                 1000000, 15.41713809967041, 193.22996520996094
5260, 1720.8411730527878, 1, 19.15252462400008, 424, 2200280,                                                 1000000, 14.768173217773438, 195.13026428222656
5261, 1900.0253779888153, 1, 11.933246538000049, 262, 2200542,                                                 1000000, 16.02690887451172, 196.87452697753906
5262, 731.8835489153862, 1, 23.204120172000103, 517, 2201059,                                                 1000000, 15.525174140930176, 193.05645751953125
5263, -10241.02969110012, 2, 18.952271282000083, 421, 2201480,                                                 1000000, 15.03118896484375, 193.8760528564453
5264, 1573.5043604969978, 1, 18.373632510000107, 413, 2201893,                                                 1000000, 15.068436622619629, 194.70065307617188
5265, -5143.209935963154, 3, 15.549034926999866, 341, 2202234,                                                 1000000, 16.250381469726562, 195.20562744140625
5266, 2346.1016589403152, 1, 8.326353401999995, 179, 2202413,                                                 1000000, 15.05013370513916, 192.76678466796875
5267, 1691.30378434062, 1, 12.979337704000045, 292, 2202705,                                                 1000000, 15.75676441192627, 193.0438232421875
5268, 670.4573549032211, 1, 22.1624666350001, 490, 2203195,                                                 1000000, 15.584993362426758, 193.25885009765625
5269, -321.13153463602066, 1, 26.773851349000097, 599, 2203794,                                                 1000000, 15.229071617126465, 195.249267578125
5270, -1415.2114627361298, 1, 25.597292117000052, 574, 2204368,                                                 1000000, 15.026534080505371, 194.0853729248047
5271, 996.7204285264015, 1, 20.362969276000058, 456, 2204824,                                                 1000000, 15.357820510864258, 192.77919006347656
5272, 1441.254327237606, 1, 23.361601476000033, 520, 2205344,                                                 1000000, 15.772684097290039, 194.13864135742188
5273, -10518.609960079193, 2, 43.854397699999936, 978, 2206322,                                                 1000000, 15.281149864196777, 193.99496459960938
5274, 2209.0902920365334, 1, 7.115495538000005, 152, 2206474,                                                 1000000, 15.053232192993164, 190.95639038085938
5275, -3356.042124211788, 3, 15.146333659999982, 329, 2206803,                                                 1000000, 14.372734069824219, 193.75949096679688
5276, -3344.0051876306534, 3, 13.73826128199994, 304, 2207107,                                                 1000000, 14.91576862335205, 193.6345977783203
5277, 2300.249695599079, 1, 7.952681821999931, 173, 2207280,                                                 1000000, 15.79642105102539, 194.48866271972656
5278, -11752.850464224815, 2, 44.62395162800021, 993, 2208273,                                                 1000000, 14.653922080993652, 193.0713348388672
5279, 1958.593378931284, 1, 12.362184909000007, 272, 2208545,                                                 1000000, 15.714522361755371, 191.73866271972656
5280, 2155.0853365659714, 1, 10.131745623999905, 219, 2208764,                                                 1000000, 15.476728439331055, 195.7907257080078
5281, 1558.7279840260744, 1, 24.03373951599974, 535, 2209299,                                                 1000000, 13.95301628112793, 193.28744506835938
5282, 1649.3178096860647, 1, 18.99385043500024, 425, 2209724,                                                 1000000, 14.53034496307373, 194.2582550048828
5283, 1037.9827033877373, 1, 17.176888475000396, 365, 2210089,                                                 1000000, 13.885433197021484, 194.73709106445312
5284, -4597.024191617966, 4, 49.426439260999814, 1103, 2211192,                                                 1000000, 15.452269554138184, 192.0491180419922
5285, 2120.5377800166607, 1, 11.734300134000023, 261, 2211453,                                                 1000000, 14.999919891357422, 191.41636657714844
5286, 966.9782265424728, 1, 15.573477489000197, 339, 2211792,                                                 1000000, 14.733123779296875, 192.6093292236328
5287, 1043.2626425027847, 1, 26.796260833999895, 599, 2212391,                                                 1000000, 15.643869400024414, 193.34877014160156
5288, -2606.4680073857307, 3, 3.5154324949999136, 72, 2212463,                                                 1000000, 14.725627899169922, 190.6773223876953
5289, 2372.430146202445, 1, 8.125556779000362, 175, 2212638,                                                 1000000, 16.914501190185547, 191.89675903320312
5290, -646.6230295300484, 1, 26.576823753999633, 595, 2213233,                                                 1000000, 14.222160339355469, 191.8081817626953
5291, -4006.6277171969414, 2, 17.37636256399992, 390, 2213623,                                                 1000000, 15.479792594909668, 193.3535919189453
5292, -2465.787155210972, 3, 9.125390489999972, 200, 2213823,                                                 1000000, 15.74409294128418, 190.32479858398438
5293, 882.4785659313202, 1, 22.193327282000155, 498, 2214321,                                                 1000000, 15.690752983093262, 190.51719665527344
5294, 776.516194999218, 1, 22.756324179999865, 503, 2214824,                                                 1000000, 16.013273239135742, 191.77149963378906
5295, 1564.9261871278286, 1, 12.140626815999894, 267, 2215091,                                                 1000000, 15.286069869995117, 189.99508666992188
5296, -4619.022654831409, 3, 18.790230337999674, 417, 2215508,                                                 1000000, 16.465185165405273, 187.3955841064453
5297, 2138.0362767726183, 1, 11.131943769999907, 243, 2215751,                                                 1000000, 14.799883842468262, 190.58204650878906
5298, 2073.7557471096516, 1, 9.946816736000073, 220, 2215971,                                                 1000000, 14.504029273986816, 187.35513305664062
5299, 598.6363459974527, 1, 25.364346786999704, 564, 2216535,                                                 1000000, 16.625354766845703, 188.86666870117188
5300, 2277.1594027280807, 1, 8.922859203999906, 195, 2216730,                                                 1000000, 15.675532341003418, 190.05706787109375
5301, -5185.190002799034, 2, 25.579243288999805, 568, 2217298,                                                 1000000, 15.268278121948242, 186.6492156982422
5302, 2405.665020287037, 1, 4.118828270999984, 88, 2217386,                                                 1000000, 16.77595329284668, 187.8345184326172
5303, 1528.4559112489223, 1, 16.34838560299977, 364, 2217750,                                                 1000000, 15.643741607666016, 185.70838928222656
5304, -3382.340860247612, 3, 14.566054658999747, 317, 2218067,                                                 1000000, 15.271074295043945, 184.86651611328125
5305, 2169.0373082756996, 1, 8.723330348000218, 190, 2218257,                                                 1000000, 15.94030475616455, 185.5951690673828
5306, 1842.7046955227852, 1, 18.548726863999946, 412, 2218669,                                                 1000000, 14.545855522155762, 186.23947143554688
5307, 891.4451588392258, 1, 30.586758747000204, 674, 2219343,                                                 1000000, 15.842463493347168, 181.80172729492188
5308, -281.53678703308105, 1, 42.621310728000026, 954, 2220297,                                                 1000000, 15.476784706115723, 182.30979919433594
5309, 2014.1114393174648, 1, 13.134137864999957, 286, 2220583,                                                 1000000, 14.925368309020996, 180.74131774902344
5310, 1463.162069261074, 1, 19.392732453999997, 431, 2221014,                                                 1000000, 15.013177871704102, 180.37313842773438
5311, 1031.4669362157583, 1, 21.760246842000015, 483, 2221497,                                                 1000000, 15.63963794708252, 179.54681396484375
5312, 1319.2949268519878, 1, 16.95348773099977, 377, 2221874,                                                 1000000, 16.05724334716797, 179.1730499267578
5313, 823.0028933882713, 1, 17.17790904000003, 380, 2222254,                                                 1000000, 15.787549018859863, 178.30026245117188
5314, 176.67004680633545, 1, 25.16687135200027, 556, 2222810,                                                 1000000, 16.220857620239258, 178.30157470703125
5315, -5825.593864202499, 2, 40.200753236999844, 886, 2223696,                                                 1000000, 15.717591285705566, 175.978759765625
5316, 2167.337225392461, 1, 10.130734627000038, 221, 2223917,                                                 1000000, 15.093531608581543, 173.67547607421875
5317, -137.48592108488083, 1, 24.786917497000104, 552, 2224469,                                                 1000000, 15.401570320129395, 174.9747314453125
5318, -4501.303371965885, 3, 29.178868156000135, 646, 2225115,                                                 1000000, 15.364609718322754, 173.53306579589844
5319, 2380.4534163475037, 1, 4.749094434000199, 103, 2225218,                                                 1000000, 16.08616828918457, 168.86920166015625
5320, 552.9584173560143, 1, 26.370855638000194, 581, 2225799,                                                 1000000, 15.555418968200684, 172.6674041748047
5321, -2552.2127248048782, 2, 5.314711098999851, 105, 2225904,                                                 1000000, 14.852104187011719, 181.10792541503906
5322, 1389.461025595665, 1, 14.141752513000029, 310, 2226214,                                                 1000000, 14.974475860595703, 170.50070190429688
5323, 1681.5209809541702, 1, 17.550348176999705, 387, 2226601,                                                 1000000, 15.898510932922363, 170.7865753173828
5324, 1956.9997971057892, 1, 11.732762810999702, 253, 2226854,                                                 1000000, 16.759366989135742, 171.31414794921875
5325, 2102.2680953145027, 1, 9.150879529000122, 201, 2227055,                                                 1000000, 15.521133422851562, 171.61627197265625
5326, -2604.676842212677, 3, 1.9109729060000973, 36, 2227091,                                                 1000000, 14.208922386169434, 170.7598419189453
5327, 2260.6895956099033, 1, 10.740082325999992, 233, 2227324,                                                 1000000, 14.233450889587402, 169.52902221679688
5328, 1216.1758951544762, 1, 27.176756041000317, 600, 2227924,                                                 1000000, 15.981663703918457, 169.47096252441406
5329, 1607.8953413665295, 1, 14.93871655599969, 324, 2228248,                                                 1000000, 15.460391998291016, 169.21778869628906
5330, -2509.7994867563248, 3, 1.96747421200007, 43, 2228291,                                                 1000000, 14.728850364685059, 165.8853302001953
5331, 1833.8321880549192, 1, 16.746112534000076, 365, 2228656,                                                 1000000, 15.549835205078125, 166.99880981445312
5332, 1588.9624817371368, 1, 18.95877484499988, 415, 2229071,                                                 1000000, 15.01911735534668, 166.2177734375
5333, 686.5475495457649, 1, 20.187398954999935, 446, 2229517,                                                 1000000, 15.174992561340332, 165.70770263671875
5334, 588.2454035580158, 1, 29.380206909000208, 649, 2230166,                                                 1000000, 14.666662216186523, 165.33897399902344
5335, -441.14544528722763, 1, 20.376319289000094, 456, 2230622,                                                 1000000, 15.606802940368652, 164.05734252929688
5336, -6247.988902300596, 4, 50.43200419899995, 1118, 2231740,                                                 1000000, 15.501404762268066, 161.67855834960938
5337, 2070.8107430934906, 1, 9.373308615000042, 210, 2231950,                                                 1000000, 14.055048942565918, 160.00750732421875
5338, 429.95891547203064, 1, 20.555238472999918, 455, 2232405,                                                 1000000, 14.053567886352539, 159.33380126953125
5339, 1773.2084894627333, 1, 21.790016509999987, 480, 2232885,                                                 1000000, 14.628067016601562, 159.16444396972656
5340, 869.6173460036516, 1, 26.773539167999843, 589, 2233474,                                                 1000000, 14.913107872009277, 156.2136993408203
5341, -557.5825568586588, 1, 36.810927958999855, 816, 2234290,                                                 1000000, 15.407426834106445, 156.1900177001953
5342, 1986.978787958622, 1, 10.564805369999704, 236, 2234526,                                                 1000000, 15.237532615661621, 154.65040588378906
5343, 2184.5708413124084, 1, 10.325674100000015, 225, 2234751,                                                 1000000, 15.900253295898438, 153.89149475097656
5344, 875.7817686796188, 1, 22.580855907000114, 498, 2235249,                                                 1000000, 14.818866729736328, 154.3181610107422
5345, 2061.4802147746086, 1, 10.125495191000027, 220, 2235469,                                                 1000000, 14.914586067199707, 154.0159912109375
5346, -2682.341994434595, 1, 45.82543306000025, 1015, 2236484,                                                 1000000, 15.106072425842285, 154.71875
5347, 1593.7221564650536, 1, 21.991482262999853, 493, 2236977,                                                 1000000, 15.533812522888184, 155.21263122558594
5348, -1368.3508332520723, 1, 47.22557771799984, 1056, 2238033,                                                 1000000, 14.777688026428223, 154.16368103027344
5349, 1834.8709116578102, 1, 15.37018523200004, 337, 2238370,                                                 1000000, 15.287541389465332, 153.1595458984375
5350, -4705.068472981453, 2, 32.380014835999646, 717, 2239087,                                                 1000000, 14.37352180480957, 153.4540252685547
5351, 1560.2284410744905, 1, 21.78038490200015, 483, 2239570,                                                 1000000, 14.84390926361084, 153.13006591796875
5352, 211.82231587171555, 1, 23.362135426999885, 513, 2240083,                                                 1000000, 14.731145858764648, 154.11373901367188
5353, 1470.1484862565994, 1, 19.181009900999925, 427, 2240510,                                                 1000000, 14.509224891662598, 153.10928344726562
5354, -2620.9829719364643, 1, 43.21884755400015, 962, 2241472,                                                 1000000, 14.916452407836914, 153.8822784423828
5355, 751.9003174304962, 1, 27.00118803100031, 598, 2242070,                                                 1000000, 14.644783020019531, 152.63230895996094
5356, 1162.1589882075787, 1, 15.397372931999598, 332, 2242402,                                                 1000000, 14.572932243347168, 152.93772888183594
5357, 2159.4524598121643, 1, 10.345465318000151, 230, 2242632,                                                 1000000, 15.064163208007812, 153.76280212402344
5358, 1394.0408932864666, 1, 23.160524362999695, 512, 2243144,                                                 1000000, 15.107218742370605, 152.38414001464844
5359, 1557.047240138054, 1, 15.170119512999918, 335, 2243479,                                                 1000000, 15.128963470458984, 153.337890625
5360, 2267.069471180439, 1, 9.12530509599992, 196, 2243675,                                                 1000000, 14.641281127929688, 154.0526885986328
5361, -3454.945525407791, 3, 11.363882098999966, 240, 2243915,                                                 1000000, 14.401537895202637, 153.46908569335938
5362, 2376.1207169890404, 1, 4.514414737000152, 94, 2244009,                                                 1000000, 15.010028839111328, 153.05685424804688
5363, -374.4519864618778, 1, 32.82983960199999, 731, 2244740,                                                 1000000, 14.12393569946289, 151.7726593017578
5364, -2923.437502861023, 2, 2.5098318180002934, 53, 2244793,                                                 1000000, 16.9443302154541, 151.1420135498047
5365, 1757.7761811614037, 1, 13.763442167999983, 302, 2245095,                                                 1000000, 14.429276466369629, 150.88819885253906
5366, -159.26072478294373, 1, 38.80776035700001, 862, 2245957,                                                 1000000, 14.434135437011719, 151.36085510253906
5367, 1627.499659359455, 1, 20.752315984000234, 462, 2246419,                                                 1000000, 13.854558944702148, 151.66656494140625
5368, 531.8250940740108, 1, 28.802710684999965, 641, 2247060,                                                 1000000, 14.184356689453125, 150.9123077392578
5369, 1329.8057666122913, 1, 11.334774676000052, 250, 2247310,                                                 1000000, 15.036412239074707, 150.29942321777344
5370, 2183.6248741447926, 1, 10.549479493000035, 236, 2247546,                                                 1000000, 14.076722145080566, 149.77012634277344
5371, 1325.550657093525, 1, 12.329697332999785, 271, 2247817,                                                 1000000, 15.460935592651367, 150.89739990234375
5372, -2502.3593157827854, 1, 42.81662683000013, 959, 2248776,                                                 1000000, 14.246598243713379, 149.91082763671875
5373, 729.8797483146191, 1, 21.582798551999986, 486, 2249262,                                                 1000000, 14.65367603302002, 150.84693908691406
5374, 1280.004573494196, 1, 17.54459226500012, 384, 2249646,                                                 1000000, 13.19369888305664, 148.3206329345703
5375, 369.35587003827095, 1, 30.98671333700031, 689, 2250335,                                                 1000000, 14.692901611328125, 149.11834716796875
5376, -3833.778418302536, 3, 11.362773013000151, 252, 2250587,                                                 1000000, 14.576556205749512, 149.1338348388672
5377, 2180.153675496578, 1, 10.3323032899998, 227, 2250814,                                                 1000000, 15.413077354431152, 149.6927490234375
5378, -3983.8689163327217, 3, 17.97771808000016, 399, 2251213,                                                 1000000, 13.635214805603027, 149.80474853515625
5379, 2268.392070233822, 1, 5.916569746999812, 129, 2251342,                                                 1000000, 13.708873748779297, 149.88693237304688
5380, 1029.9151016175747, 1, 26.38287178499968, 583, 2251925,                                                 1000000, 14.086642265319824, 147.9822235107422
5381, -2809.4103570580482, 2, 13.539934103999713, 293, 2252218,                                                 1000000, 14.523611068725586, 148.1045684814453
5382, 2188.0969413518906, 1, 11.132224821999898, 245, 2252463,                                                 1000000, 13.698779106140137, 148.68113708496094
5383, -3032.2429394721985, 3, 12.135147956999845, 269, 2252732,                                                 1000000, 13.343160629272461, 147.97357177734375
5384, 2040.1590057611465, 1, 11.569971395000266, 255, 2252987,                                                 1000000, 14.98266315460205, 149.18667602539062
5385, 1537.1485890597105, 1, 18.35537409599965, 411, 2253398,                                                 1000000, 13.728196144104004, 148.59176635742188
5386, 1340.3888856470585, 1, 16.17130295900006, 359, 2253757,                                                 1000000, 14.108088493347168, 147.54916381835938
5387, -4952.480900287628, 2, 11.331157606000488, 250, 2254007,                                                 1000000, 13.029858589172363, 148.3777618408203
5388, 2182.7561614513397, 1, 8.754326207000304, 188, 2254195,                                                 1000000, 14.504196166992188, 147.21287536621094
5389, 1085.6831378787756, 1, 20.748471116000474, 460, 2254655,                                                 1000000, 14.051648139953613, 147.1909637451172
5390, -17.727467089891434, 1, 30.612126010999418, 688, 2255343,                                                 1000000, 13.365309715270996, 146.90640258789062
5391, 1653.1877070367336, 1, 13.134616201999961, 286, 2255629,                                                 1000000, 13.798104286193848, 147.0121307373047
5392, 1717.3135252594948, 1, 10.186422063000464, 224, 2255853,                                                 1000000, 14.425077438354492, 148.17129516601562
5393, -3630.560193181038, 1, 34.78709209699991, 778, 2256631,                                                 1000000, 13.774690628051758, 146.91148376464844
5394, 1710.3852303922176, 1, 27.004257627999323, 603, 2257234,                                                 1000000, 14.528595924377441, 146.94976806640625
5395, 1304.5520867407322, 1, 17.751068874999874, 395, 2257629,                                                 1000000, 13.364089965820312, 147.379150390625
5396, 1942.1381564736366, 1, 17.15436089799914, 372, 2258001,                                                 1000000, 13.834883689880371, 147.4805908203125
5397, 1260.4446318745613, 1, 18.17869123499986, 411, 2258412,                                                 1000000, 14.520743370056152, 146.57736206054688
5398, -2562.630148112774, 3, 9.926411335000012, 214, 2258626,                                                 1000000, 14.142281532287598, 147.17465209960938
5399, 1663.2993629574776, 1, 9.761066367999774, 217, 2258843,                                                 1000000, 13.586111068725586, 146.474365234375
5400, -2997.7547578811646, 2, 9.731216969000343, 211, 2259054,                                                 1000000, 13.284712791442871, 147.37643432617188
5401, 2241.11404889822, 1, 8.082837229000688, 175, 2259229,                                                 1000000, 13.766427040100098, 147.56288146972656
5402, -145.52693516016006, 1, 19.15396463199977, 424, 2259653,                                                 1000000, 12.775247573852539, 146.9901580810547
5403, -2709.034284234047, 3, 6.33908526400046, 139, 2259792,                                                 1000000, 14.436235427856445, 148.08042907714844
5404, 224.43870455026627, 1, 16.148448748999726, 357, 2260149,                                                 1000000, 13.615335464477539, 147.34597778320312
5405, -3969.407805263996, 1, 42.81874444299956, 952, 2261101,                                                 1000000, 13.489363670349121, 147.8311309814453
5406, -4042.6326202750206, 3, 25.166228169000533, 554, 2261655,                                                 1000000, 14.108182907104492, 147.61026000976562
5407, -2878.8218836784363, 3, 9.956689968999854, 223, 2261878,                                                 1000000, 13.836874961853027, 147.4132080078125
5408, -902.0403625071049, 1, 40.01006883700029, 893, 2262771,                                                 1000000, 13.77031135559082, 148.1822509765625
5409, 979.1034875512123, 1, 25.97981152900047, 574, 2263345,                                                 1000000, 14.338557243347168, 147.7481231689453
5410, 1568.4085892140865, 1, 22.39016580200041, 497, 2263842,                                                 1000000, 14.309771537780762, 146.0695037841797
5411, -2503.094950199127, 2, 3.3141398159996243, 70, 2263912,                                                 1000000, 15.554441452026367, 146.66761779785156
5412, 2428.7275155484676, 1, 4.140316775999963, 90, 2264002,                                                 1000000, 15.507996559143066, 148.80076599121094
5413, 2191.6534820497036, 1, 10.331058394000138, 220, 2264222,                                                 1000000, 12.669526100158691, 146.04443359375
5414, 1981.7519292235374, 1, 14.74454726500062, 326, 2264548,                                                 1000000, 13.680703163146973, 146.5507049560547
5415, 1510.2382000982761, 1, 9.35366948399951, 206, 2264754,                                                 1000000, 14.543686866760254, 145.35780334472656
5416, -4304.60177397728, 3, 10.356420787999923, 223, 2264977,                                                 1000000, 13.240823745727539, 145.57945251464844
5417, 1804.1364602446556, 1, 15.748574088000169, 351, 2265328,                                                 1000000, 13.570202827453613, 145.3810577392578
5418, 1344.0555084347725, 1, 16.75587922900013, 368, 2265696,                                                 1000000, 14.243330955505371, 146.0128173828125
5419, -3587.4013132452965, 3, 28.802253351999752, 647, 2266343,                                                 1000000, 13.233173370361328, 145.59628295898438
5420, 2298.7014598846436, 1, 8.321029126000212, 183, 2266526,                                                 1000000, 13.664243698120117, 145.7294921875
5421, -4066.362533867359, 3, 15.146844584000064, 330, 2266856,                                                 1000000, 14.215280532836914, 145.87376403808594
5422, 648.8593319058418, 1, 17.150487232999694, 383, 2267239,                                                 1000000, 14.067525863647461, 145.4381561279297
5423, 2258.230084180832, 1, 8.75701912600016, 191, 2267430,                                                 1000000, 14.035490989685059, 146.29432678222656
5424, 1425.9609214663506, 1, 15.543206429999373, 340, 2267770,                                                 1000000, 13.605727195739746, 145.4644775390625
5425, -617.7054777890444, 1, 29.585451638999984, 653, 2268423,                                                 1000000, 14.209431648254395, 145.6685028076172
5426, 1577.889723867178, 1, 11.733438279000438, 260, 2268683,                                                 1000000, 13.220715522766113, 145.314208984375
5427, 980.9947865009308, 1, 16.381295907000094, 369, 2269052,                                                 1000000, 13.64052677154541, 146.703125
5428, 864.6386537253857, 1, 29.77941218199976, 660, 2269712,                                                 1000000, 14.122123718261719, 145.83724975585938
5429, -2740.961664199829, 2, 10.123964913999771, 220, 2269932,                                                 1000000, 13.35563850402832, 145.76736450195312
5430, 1938.8086022734642, 1, 9.725518053999622, 211, 2270143,                                                 1000000, 12.580860137939453, 146.4979705810547
5431, -2702.675268769264, 2, 4.739624849000393, 103, 2270246,                                                 1000000, 12.350362777709961, 148.2543487548828
5432, 116.43216472864151, 1, 24.968272666999837, 548, 2270794,                                                 1000000, 14.108622550964355, 145.79002380371094
5433, -3241.119357943535, 3, 8.524859055999514, 184, 2270978,                                                 1000000, 14.413804054260254, 145.60971069335938
5434, -4456.134817123413, 2, 13.738500307000322, 306, 2271284,                                                 1000000, 13.982077598571777, 145.97874450683594
5435, 2049.251986414194, 1, 10.967434961000436, 233, 2271517,                                                 1000000, 14.270621299743652, 146.1180877685547
5436, -2826.8691911697388, 2, 3.1567108059998645, 73, 2271590,                                                 1000000, 14.069459915161133, 144.8943634033203
5437, -2431.57057595253, 2, 5.115261680000003, 108, 2271698,                                                 1000000, 13.471952438354492, 145.97267150878906
5438, -2664.534467101097, 3, 12.165125419000105, 269, 2271967,                                                 1000000, 14.004861831665039, 147.279296875
5439, -2634.0335677862167, 2, 5.719383540999843, 124, 2272091,                                                 1000000, 13.315804481506348, 148.1407470703125
5440, 2230.101894259453, 1, 10.949490197999694, 232, 2272323,                                                 1000000, 14.749835014343262, 145.51187133789062
5441, -4986.143500506878, 2, 24.966717785000583, 554, 2272877,                                                 1000000, 13.702977180480957, 146.19601440429688
5442, 2022.6939550489187, 1, 11.56262249899919, 259, 2273136,                                                 1000000, 13.061920166015625, 146.55911254882812
5443, -2965.327513217926, 2, 4.714499431999684, 100, 2273236,                                                 1000000, 15.298720359802246, 146.4036102294922
5444, 2164.55423001945, 1, 11.133329246999892, 246, 2273482,                                                 1000000, 14.71045207977295, 146.43951416015625
5445, -5401.374945759773, 2, 11.367134461000205, 251, 2273733,                                                 1000000, 12.458983421325684, 145.2025909423828
5446, 2182.570684120059, 1, 10.727562759000648, 234, 2273967,                                                 1000000, 14.641658782958984, 145.37181091308594
5447, 1036.9360696822405, 1, 20.955299035999815, 459, 2274426,                                                 1000000, 13.546714782714844, 146.06097412109375
5448, 720.1916796267033, 1, 21.56081483899925, 480, 2274906,                                                 1000000, 13.237740516662598, 145.19137573242188
5449, -2503.1381130218506, 3, 4.115382167000462, 85, 2274991,                                                 1000000, 14.439510345458984, 145.26092529296875
5450, -2469.3834632635117, 3, 8.748910590000378, 195, 2275186,                                                 1000000, 13.960694313049316, 144.06155395507812
5451, -2908.4511345028877, 3, 12.934829116000401, 286, 2275472,                                                 1000000, 14.347613334655762, 144.99160766601562
5452, -3148.3669514656067, 2, 6.549098490999313, 135, 2275607,                                                 1000000, 13.494916915893555, 145.56680297851562
5453, -3129.466172814369, 2, 9.326359669999874, 201, 2275808,                                                 1000000, 14.190887451171875, 143.81076049804688
5454, -2453.739537000656, 3, 9.32956726500015, 202, 2276010,                                                 1000000, 14.0297212600708, 145.4229736328125
5455, 2179.984194457531, 1, 10.764092219999839, 238, 2276248,                                                 1000000, 13.235121726989746, 145.22811889648438
5456, 2141.778372645378, 1, 9.728064861999883, 212, 2276460,                                                 1000000, 13.06263542175293, 144.2910919189453
5457, 1715.2583812475204, 1, 17.75131063200024, 392, 2276852,                                                 1000000, 14.019871711730957, 145.2612762451172
5458, -3107.1104333996773, 2, 12.768259450000187, 289, 2277141,                                                 1000000, 14.968925476074219, 144.17315673828125
5459, -4852.813494980335, 2, 24.965605307999795, 561, 2277702,                                                 1000000, 13.601012229919434, 143.88011169433594
5460, 2154.533191651106, 1, 10.551809729000524, 235, 2277937,                                                 1000000, 13.38017463684082, 143.42955017089844
5461, 440.25115156173706, 1, 25.97187645900067, 578, 2278515,                                                 1000000, 13.86064624786377, 144.96084594726562
5462, -2926.0869465470314, 2, 14.370014174999596, 323, 2278838,                                                 1000000, 13.65117359161377, 145.37689208984375
5463, -2388.26418954134, 3, 8.945406462000392, 190, 2279028,                                                 1000000, 13.963730812072754, 145.9257354736328
5464, 2419.9382464289665, 1, 4.144098510000731, 91, 2279119,                                                 1000000, 14.79044246673584, 143.90655517578125
5465, -2445.664669752121, 2, 3.3083151880000514, 69, 2279188,                                                 1000000, 13.726115226745605, 147.0124053955078
5466, -4411.593922972679, 2, 19.964120009, 446, 2279634,                                                 1000000, 14.127052307128906, 145.2008056640625
5467, 1818.8216302990913, 1, 13.165019048000431, 293, 2279927,                                                 1000000, 14.144916534423828, 144.60943603515625
5468, -2918.8858251571655, 2, 7.722884845999943, 169, 2280096,                                                 1000000, 13.725126266479492, 144.96505737304688
5469, -3126.91626560688, 2, 11.559508055000151, 259, 2280355,                                                 1000000, 13.875747680664062, 145.0828857421875
5470, -3005.7635744810104, 2, 6.92173791300047, 149, 2280504,                                                 1000000, 13.673417091369629, 146.04034423828125
5471, -2939.520527124405, 3, 9.527545429000384, 209, 2280713,                                                 1000000, 14.528584480285645, 144.7725830078125
5472, 2300.214841336012, 1, 7.954350814000463, 177, 2280890,                                                 1000000, 13.407804489135742, 143.457275390625
5473, -2922.0035905838013, 2, 4.311874752999756, 93, 2280983,                                                 1000000, 13.928125381469727, 143.4864501953125
5474, -2432.2807602882385, 2, 4.935356441000295, 108, 2281091,                                                 1000000, 13.079132080078125, 145.08970642089844
5475, -3829.070880174637, 2, 17.77710180000031, 386, 2281477,                                                 1000000, 14.060230255126953, 144.14239501953125
5476, 2187.8954032957554, 1, 7.721731619999446, 166, 2281643,                                                 1000000, 13.649348258972168, 142.6286163330078
5477, -2804.501445412636, 2, 5.918257495000034, 128, 2281771,                                                 1000000, 14.119743347167969, 143.91525268554688
5478, 2432.2293252050877, 1, 4.139157542000248, 88, 2281859,                                                 1000000, 13.3611478805542, 146.9423065185547
5479, 1740.45653373003, 1, 8.926089698000396, 193, 2282052,                                                 1000000, 14.350500106811523, 145.1997528076172
5480, 1238.5095861554146, 1, 14.393783256999996, 318, 2282370,                                                 1000000, 14.340644836425781, 145.64273071289062
5481, -2957.3209098875523, 1, 42.20786031900025, 943, 2283313,                                                 1000000, 14.097256660461426, 143.95278930664062
5482, -8450.64681816101, 2, 21.363724856999397, 472, 2283785,                                                 1000000, 14.56818962097168, 144.14939880371094
5483, -2935.5317066311836, 3, 13.345646600999316, 296, 2284081,                                                 1000000, 13.973824501037598, 143.7789764404297
5484, 1599.3966546654701, 1, 12.931709567000325, 285, 2284366,                                                 1000000, 13.831131935119629, 143.29254150390625
5485, -7037.885373234749, 2, 28.387451050999516, 634, 2285000,                                                 1000000, 13.824899673461914, 143.85780334472656
5486, 2440.908526569605, 1, 4.31989872900067, 90, 2285090,                                                 1000000, 13.967069625854492, 144.57232666015625
5487, 2226.1601166576147, 1, 9.527982075999716, 208, 2285298,                                                 1000000, 12.986846923828125, 143.78013610839844
5488, 749.4777333140373, 1, 17.950944551999783, 398, 2285696,                                                 1000000, 13.86489486694336, 143.62509155273438
5489, -4158.056326270103, 3, 22.8092909650004, 510, 2286206,                                                 1000000, 13.749438285827637, 143.79090881347656
5490, 1971.3006210327148, 1, 9.92598812200049, 220, 2286426,                                                 1000000, 13.555655479431152, 143.44091796875
5491, -2579.7732582092285, 3, 3.5369132129999343, 79, 2286505,                                                 1000000, 13.39584732055664, 143.09463500976562
5492, -6981.904640138149, 4, 50.025486038000054, 1118, 2287623,                                                 1000000, 13.874076843261719, 143.04420471191406
5493, 2028.7899204194546, 1, 11.734250090000387, 255, 2287878,                                                 1000000, 13.887103080749512, 142.8263702392578
5494, -2648.421719312668, 2, 5.342913650999435, 107, 2287985,                                                 1000000, 15.131528854370117, 144.3535919189453
5495, -2423.1040818095207, 2, 5.149497891000465, 115, 2288100,                                                 1000000, 14.013148307800293, 142.63502502441406
5496, -1153.5075110942125, 1, 34.197028188999866, 759, 2288859,                                                 1000000, 13.473075866699219, 143.32015991210938
5497, 1019.9641635119915, 1, 19.380887674000405, 425, 2289284,                                                 1000000, 13.50872802734375, 142.08424377441406
5498, -2899.007194161415, 3, 13.136243036000451, 286, 2289570,                                                 1000000, 13.707772254943848, 141.34628295898438
5499, 2381.8321857452393, 1, 4.147373365999556, 89, 2289659,                                                 1000000, 14.144940376281738, 143.0473175048828
5500, 2026.0651216208935, 1, 10.728541038000003, 236, 2289895,                                                 1000000, 14.247920989990234, 145.1714630126953
5501, -2764.611798763275, 3, 8.370150462999845, 179, 2290074,                                                 1000000, 13.845410346984863, 142.84527587890625
5502, 1400.542001530528, 1, 24.614473268999973, 548, 2290622,                                                 1000000, 13.693623542785645, 143.13870239257812
5503, -4093.44666993618, 2, 19.95588953100014, 438, 2291060,                                                 1000000, 13.752197265625, 143.02072143554688
5504, 1503.3951992988586, 1, 20.751139437000347, 459, 2291519,                                                 1000000, 14.036846160888672, 141.65399169921875
5505, 2108.9971004724503, 1, 11.376083917999495, 251, 2291770,                                                 1000000, 13.154210090637207, 141.85009765625
5506, 2317.2582134604454, 1, 8.928794989999915, 190, 2291960,                                                 1000000, 13.660466194152832, 141.42645263671875
5507, 1167.816144824028, 1, 16.14587028099959, 354, 2292314,                                                 1000000, 14.168824195861816, 142.46102905273438
5508, 1583.9474962353706, 1, 20.38717789200018, 456, 2292770,                                                 1000000, 13.342494010925293, 142.37864685058594
5509, 261.2060853242874, 1, 23.386248744999648, 515, 2293285,                                                 1000000, 13.434993743896484, 142.8363037109375
5510, -4529.652878344059, 2, 27.174152526000398, 600, 2293885,                                                 1000000, 14.160538673400879, 142.55165100097656
5511, 1489.9338736534119, 1, 14.769393517000026, 324, 2294209,                                                 1000000, 14.10473346710205, 142.90472412109375
5512, 958.8504313826561, 1, 27.173205222000433, 602, 2294811,                                                 1000000, 13.564986228942871, 141.9943084716797
5513, -6077.013090014458, 1, 42.207932506999896, 937, 2295748,                                                 1000000, 13.74714183807373, 142.48184204101562
5514, -3601.3337948918343, 3, 19.584155799000655, 431, 2296179,                                                 1000000, 13.708056449890137, 143.40614318847656
5515, 1417.8396839499474, 1, 13.130004824000025, 286, 2296465,                                                 1000000, 14.896065711975098, 142.9795684814453
5516, -2694.4922932982445, 2, 7.522565040999325, 161, 2296626,                                                 1000000, 14.387261390686035, 142.5657196044922
5517, -2625.9486688375473, 2, 5.355456614000104, 115, 2296741,                                                 1000000, 14.556952476501465, 143.10850524902344
5518, 2230.0784964859486, 1, 10.53484365499935, 226, 2296967,                                                 1000000, 14.024069786071777, 142.79815673828125
5519, -2818.5717854499817, 2, 5.72007863700037, 124, 2297091,                                                 1000000, 12.631963729858398, 142.3189697265625
5520, 2355.0395282804966, 1, 7.761879968999892, 169, 2297260,                                                 1000000, 13.317300796508789, 142.21493530273438
5521, -3868.1346474289894, 2, 22.571747141000742, 498, 2297758,                                                 1000000, 13.89293098449707, 143.00155639648438
5522, 2111.7947731018066, 1, 11.955186685999251, 262, 2298020,                                                 1000000, 13.47299861907959, 143.01516723632812
5523, -3408.036728978157, 3, 19.165892750999774, 418, 2298438,                                                 1000000, 13.72206974029541, 142.4295196533203
5524, 2110.6370228528976, 1, 7.955403515999933, 179, 2298617,                                                 1000000, 14.20683479309082, 145.39927673339844
5525, 2165.5126671791077, 1, 7.918895910999709, 171, 2298788,                                                 1000000, 13.864938735961914, 143.93157958984375
5526, 1012.7451228797436, 1, 12.16091037699971, 272, 2299060,                                                 1000000, 14.420281410217285, 143.7125244140625
5527, 1494.357449799776, 1, 25.966580090000207, 573, 2299633,                                                 1000000, 14.195504188537598, 144.181884765625
5528, 1542.9422220289707, 1, 17.98627291899993, 399, 2300032,                                                 1000000, 13.765876770019531, 144.54376220703125
5529, -2497.594654560089, 3, 2.7086175710001044, 56, 2300088,                                                 1000000, 12.696925163269043, 145.51341247558594
5530, 2366.0945605039597, 1, 3.944941093000125, 86, 2300174,                                                 1000000, 12.433799743652344, 142.39874267578125
5531, -5310.534017533064, 1, 46.21755379899969, 1024, 2301198,                                                 1000000, 13.65212345123291, 143.72608947753906
5532, 563.2694281935692, 1, 37.63058477300001, 837, 2302035,                                                 1000000, 13.7073335647583, 143.3958282470703
5533, 291.5811820924282, 1, 23.96863935700003, 521, 2302556,                                                 1000000, 14.181997299194336, 144.05853271484375
5534, 2045.463409781456, 1, 10.15762953400008, 225, 2302781,                                                 1000000, 12.981587409973145, 142.1363525390625
5535, 640.257756203413, 1, 21.361242681000476, 473, 2303254,                                                 1000000, 14.317992210388184, 143.49159240722656
5536, -3774.5569345355034, 2, 21.95827475399983, 487, 2303741,                                                 1000000, 13.959030151367188, 144.1202850341797
5537, 2249.1100819706917, 1, 10.361145329000465, 229, 2303970,                                                 1000000, 13.260185241699219, 144.68223571777344
5538, -4889.577931046486, 2, 14.13956601100017, 314, 2304284,                                                 1000000, 12.679701805114746, 143.07737731933594
5539, 1093.6913685798645, 1, 16.745877779000693, 369, 2304653,                                                 1000000, 13.370336532592773, 144.0318145751953
5540, -2557.225503563881, 3, 7.159196560000055, 150, 2304803,                                                 1000000, 12.432015419006348, 143.30116271972656
5541, 1461.0468315780163, 1, 18.37753131699992, 410, 2305213,                                                 1000000, 13.556866645812988, 143.75648498535156
5542, 815.96022605896, 1, 12.736395912000262, 278, 2305491,                                                 1000000, 14.87876033782959, 144.01101684570312
5543, -2702.13453745842, 3, 1.9120909119992575, 33, 2305524,                                                 1000000, 13.055421829223633, 141.4805908203125
5544, 1648.9548679590225, 1, 13.563326824999422, 299, 2305823,                                                 1000000, 14.305977821350098, 143.7077178955078
5545, -3216.8132601976395, 2, 17.143942045000585, 381, 2306204,                                                 1000000, 14.118231773376465, 143.42034912109375
5546, 1624.819148182869, 1, 21.80889809600012, 490, 2306694,                                                 1000000, 14.097732543945312, 142.98670959472656
5547, -7247.794308722019, 4, 51.03746673299975, 1140, 2307834,                                                 1000000, 13.564072608947754, 144.4806671142578
5548, 2186.4620077610016, 1, 6.721307224000157, 141, 2307975,                                                 1000000, 14.520525932312012, 142.90306091308594
5549, 499.99175825715065, 1, 21.59261529200012, 484, 2308459,                                                 1000000, 13.717226028442383, 143.0767059326172
5550, -3561.221223592758, 3, 9.325279050000063, 201, 2308660,                                                 1000000, 15.174470901489258, 144.38189697265625
5551, 2063.3924637138844, 1, 13.574702107999656, 304, 2308964,                                                 1000000, 13.758742332458496, 142.34841918945312
5552, -3825.5592427253723, 2, 11.160695789999409, 235, 2309199,                                                 1000000, 15.096872329711914, 142.98507690429688
5553, 2191.8547662198544, 1, 10.733482573000401, 234, 2309433,                                                 1000000, 13.673515319824219, 142.0
5554, 1320.7349989414215, 1, 8.925253454000085, 196, 2309629,                                                 1000000, 12.791604995727539, 143.28848266601562
5555, -4428.797572791576, 3, 21.55889408999974, 478, 2310107,                                                 1000000, 13.031285285949707, 143.07382202148438
5556, -3403.438136458397, 2, 7.152803343000414, 164, 2310271,                                                 1000000, 13.98857593536377, 144.41641235351562
5557, 2161.6719078719616, 1, 7.923326465000173, 172, 2310443,                                                 1000000, 13.064741134643555, 143.1273651123047
5558, 1184.7160492539406, 1, 14.94479603400032, 324, 2310767,                                                 1000000, 13.570262908935547, 143.302001953125
5559, -7295.777916371822, 3, 35.233618455000396, 789, 2311556,                                                 1000000, 13.507726669311523, 143.45523071289062
5560, -5927.72141623497, 3, 19.953505776000384, 442, 2311998,                                                 1000000, 13.893599510192871, 143.31773376464844
5561, 2334.862577587366, 1, 7.973219693999454, 180, 2312178,                                                 1000000, 15.581754684448242, 143.90774536132812
5562, 1509.5789961218834, 1, 24.765165042000262, 547, 2312725,                                                 1000000, 13.157580375671387, 143.7128448486328
5563, -4299.382429122925, 2, 7.924996576000012, 171, 2312896,                                                 1000000, 15.45925521850586, 142.28799438476562
5564, 460.4649237394333, 1, 20.19819564000045, 458, 2313354,                                                 1000000, 14.471303939819336, 142.712646484375
5565, 1496.9710841178894, 1, 15.748786311000003, 347, 2313701,                                                 1000000, 13.046232223510742, 142.51608276367188
5566, 1044.3538278341293, 1, 22.794685976000437, 514, 2314215,                                                 1000000, 13.164573669433594, 143.4793243408203
5567, 1534.0984629690647, 1, 12.536989092999647, 274, 2314489,                                                 1000000, 13.465550422668457, 144.13560485839844
5568, 2091.959083735943, 1, 14.996899199999461, 323, 2314812,                                                 1000000, 13.385645866394043, 143.509521484375
5569, 1743.3694196641445, 1, 22.358419806999336, 498, 2315310,                                                 1000000, 13.792454719543457, 143.70216369628906
5570, -2333.685104340315, 1, 29.775928643000043, 665, 2315975,                                                 1000000, 13.88302993774414, 144.13043212890625
5571, 425.66548001766205, 1, 21.559028311000475, 477, 2316452,                                                 1000000, 13.53139877319336, 143.47604370117188
5572, 1049.7746756225824, 1, 20.55946937200042, 459, 2316911,                                                 1000000, 13.522246360778809, 143.90003967285156
5573, -3695.993093907833, 3, 11.334779509000327, 254, 2317165,                                                 1000000, 14.942313194274902, 145.12669372558594
5574, -3812.527003288269, 3, 21.156811220000236, 465, 2317630,                                                 1000000, 13.767192840576172, 142.6362762451172
5575, 2427.1643116772175, 1, 4.13768988999982, 91, 2317721,                                                 1000000, 13.600564002990723, 143.6422576904297
5576, -4478.055612564087, 2, 19.757247061999806, 437, 2318158,                                                 1000000, 13.526524543762207, 144.327880859375
5577, 1572.957456111908, 1, 13.341453674999684, 294, 2318452,                                                 1000000, 13.306746482849121, 144.35488891601562
5578, 486.82672396302223, 1, 15.344942222999634, 337, 2318789,                                                 1000000, 13.938541412353516, 143.75497436523438
5579, -4178.966825246811, 1, 41.24435904399979, 927, 2319716,                                                 1000000, 13.857929229736328, 143.5735626220703
5580, -809.8848512768745, 1, 20.956664242999977, 464, 2320180,                                                 1000000, 14.538641929626465, 143.7535858154297
5581, -1633.6737054288387, 1, 37.999160174999815, 844, 2321024,                                                 1000000, 13.55084228515625, 143.65150451660156
5582, 2020.5599118769169, 1, 9.757079107999743, 215, 2321239,                                                 1000000, 14.000452995300293, 143.927734375
5583, 2156.3266607820988, 1, 10.729104292000557, 235, 2321474,                                                 1000000, 14.416112899780273, 143.93467712402344
5584, 672.1239624023438, 1, 18.357268945000214, 408, 2321882,                                                 1000000, 14.345227241516113, 144.3726806640625
5585, -3922.8336930274963, 2, 9.128269580999586, 202, 2322084,                                                 1000000, 13.002732276916504, 142.65672302246094
5586, -2712.517022073269, 3, 9.960552215999996, 222, 2322306,                                                 1000000, 14.085938453674316, 143.63381958007812
5587, 2166.0637876987457, 1, 10.528421580999748, 232, 2322538,                                                 1000000, 13.941282272338867, 143.43495178222656
5588, -3487.2627771496773, 1, 46.025755202000255, 1026, 2323564,                                                 1000000, 14.17987060546875, 144.29248046875
5589, -2431.114106297493, 3, 2.735462199999347, 52, 2323616,                                                 1000000, 14.735543251037598, 146.95806884765625
5590, 202.37502819299698, 1, 19.953219486999842, 443, 2324059,                                                 1000000, 14.205646514892578, 145.14639282226562
5591, 734.6000975370407, 1, 25.994719633000386, 577, 2324636,                                                 1000000, 15.32275676727295, 145.0613555908203
5592, -1138.323267519474, 1, 33.83687756099971, 758, 2325394,                                                 1000000, 15.188431739807129, 144.4145965576172
5593, -1245.5264404714108, 1, 34.196777294999265, 765, 2326159,                                                 1000000, 14.713505744934082, 144.0283660888672
5594, -6070.969804406166, 2, 39.8378036310005, 897, 2327056,                                                 1000000, 13.544709205627441, 145.05780029296875
5595, -385.3389081954956, 1, 21.95544067299943, 488, 2327544,                                                 1000000, 14.215158462524414, 144.00564575195312
5596, 1363.689473092556, 1, 15.379835003000153, 338, 2327882,                                                 1000000, 14.02617359161377, 144.73631286621094
5597, -794.602093398571, 1, 26.772552507, 594, 2328476,                                                 1000000, 13.710893630981445, 145.39495849609375
5598, 1777.928577542305, 1, 9.528760348000105, 203, 2328679,                                                 1000000, 14.710803031921387, 145.49209594726562
5599, 1741.447665065527, 1, 9.527305995999996, 209, 2328888,                                                 1000000, 13.353577613830566, 146.00558471679688
5600, -2031.0986065268517, 1, 36.0232013800005, 809, 2329697,                                                 1000000, 14.003995895385742, 146.14234924316406
5601, 304.29443579912186, 1, 20.03917681599978, 453, 2330150,                                                 1000000, 13.69504165649414, 146.156005859375
5602, -1149.7382495999336, 1, 39.61388747299952, 883, 2331033,                                                 1000000, 14.144405364990234, 145.85308837890625
5603, 771.584113791585, 1, 26.98534034899967, 598, 2331631,                                                 1000000, 14.470783233642578, 145.99119567871094
5604, 632.3898801505566, 1, 24.403937502999725, 550, 2332181,                                                 1000000, 13.745696067810059, 145.74037170410156
5605, -877.5857221484184, 1, 32.79279611700076, 733, 2332914,                                                 1000000, 14.481364250183105, 145.5817108154297
5606, -7038.69850975275, 4, 50.65636614699997, 1135, 2334049,                                                 1000000, 14.24951457977295, 145.98739624023438
5607, 2349.8495000600815, 1, 7.924228251000386, 169, 2334218,                                                 1000000, 14.696690559387207, 148.33413696289062
5608, 1616.0739846229553, 1, 23.190215626999816, 508, 2334726,                                                 1000000, 13.09621810913086, 147.14944458007812
5609, -3575.507224917412, 3, 12.361705239000003, 276, 2335002,                                                 1000000, 13.715129852294922, 144.81826782226562
5610, 2400.6187374293804, 1, 4.510458370999913, 95, 2335097,                                                 1000000, 14.113151550292969, 146.42929077148438
5611, 262.6226465702057, 1, 31.201293371999782, 698, 2335795,                                                 1000000, 13.494616508483887, 146.54815673828125
5612, 1360.1607085317373, 1, 24.76962121499946, 553, 2336348,                                                 1000000, 13.12248706817627, 147.29075622558594
5613, -2826.529576420784, 3, 12.571408159000384, 282, 2336630,                                                 1000000, 13.379707336425781, 146.50308227539062
5614, 2136.5338512659073, 1, 8.312626464999994, 180, 2336810,                                                 1000000, 12.456777572631836, 145.24729919433594
5615, -2750.551344394684, 3, 4.341872412000157, 97, 2336907,                                                 1000000, 14.519144058227539, 145.47128295898438
5616, 1655.8781006932259, 1, 20.758033211999646, 463, 2337370,                                                 1000000, 14.047459602355957, 147.3263702392578
5617, -380.07099947333336, 1, 25.616969167000207, 574, 2337944,                                                 1000000, 13.00422477722168, 146.5253448486328
5618, -3163.488105982542, 3, 14.740572867000083, 321, 2338265,                                                 1000000, 13.838146209716797, 146.94552612304688
5619, -2450.6074540019035, 3, 9.325587031000396, 204, 2338469,                                                 1000000, 16.00442123413086, 147.45892333984375
5620, -2605.10793069005, 3, 10.931842670000151, 239, 2338708,                                                 1000000, 14.328988075256348, 146.4541473388672
5621, 1881.2279795706272, 1, 8.72802577099992, 190, 2338898,                                                 1000000, 15.193821907043457, 148.80535888671875
5622, -698.9738101065159, 1, 30.592990275999, 684, 2339582,                                                 1000000, 13.592506408691406, 147.35890197753906
5623, 1224.0688584148884, 1, 14.80377777800095, 330, 2339912,                                                 1000000, 14.299949645996094, 148.01039123535156
5624, -1381.4096965193748, 1, 31.58354337899982, 699, 2340611,                                                 1000000, 14.604528427124023, 146.84793090820312
5625, 369.03905856609344, 1, 28.37561109300077, 634, 2341245,                                                 1000000, 14.662192344665527, 147.51361083984375
5626, -2923.521519601345, 2, 14.738321863000237, 321, 2341566,                                                 1000000, 12.167125701904297, 146.61065673828125
5627, 1591.6580103337765, 1, 16.16760265300036, 362, 2341928,                                                 1000000, 12.992883682250977, 146.39889526367188
5628, -510.734646320343, 1, 28.37299155599976, 632, 2342560,                                                 1000000, 13.23633861541748, 147.31884765625
5629, 662.9943544268608, 1, 18.75857235499825, 415, 2342975,                                                 1000000, 14.604430198669434, 147.3558349609375
5630, -960.2329799681902, 1, 29.40484573300091, 655, 2343630,                                                 1000000, 14.541034698486328, 147.33056640625
5631, 889.4751837849617, 1, 25.17860801000097, 562, 2344192,                                                 1000000, 13.897575378417969, 148.16119384765625
5632, -3293.483407020569, 3, 5.747714224999072, 129, 2344321,                                                 1000000, 16.312936782836914, 149.66152954101562
5633, 2411.588107228279, 1, 4.109356655000738, 88, 2344409,                                                 1000000, 13.222253799438477, 146.6480255126953
5634, -1041.188817858696, 1, 28.77173284499986, 644, 2345053,                                                 1000000, 14.324455261230469, 148.36056518554688
5635, 1830.9854223132133, 1, 19.555189216000144, 435, 2345488,                                                 1000000, 14.465239524841309, 147.0708465576172
5636, 2148.208086937666, 1, 8.780262897000284, 199, 2345687,                                                 1000000, 12.775946617126465, 147.41510009765625
5637, -330.122183829546, 1, 35.99932940200051, 801, 2346488,                                                 1000000, 13.697992324829102, 147.47866821289062
5638, -2760.544538795948, 1, 48.05497786399974, 1083, 2347571,                                                 1000000, 13.821978569030762, 146.25636291503906
5639, 888.5013399422169, 1, 15.339997237000716, 338, 2347909,                                                 1000000, 14.53385066986084, 147.3857879638672
5640, -2927.5887154340744, 3, 5.714728480999838, 120, 2348029,                                                 1000000, 15.195002555847168, 146.26785278320312
5641, 2177.668513715267, 1, 6.1221855340008915, 134, 2348163,                                                 1000000, 12.688673973083496, 146.5044403076172
5642, 772.2227194607258, 1, 17.98073550799927, 395, 2348558,                                                 1000000, 14.626755714416504, 147.24288940429688
5643, -4087.8666291236877, 2, 18.349220161999256, 411, 2348969,                                                 1000000, 13.942964553833008, 146.11341857910156
5644, 2215.855257987976, 1, 6.157421968000563, 132, 2349101,                                                 1000000, 12.812255859375, 146.69757080078125
5645, 1917.4742682278156, 1, 18.1496601200015, 402, 2349503,                                                 1000000, 13.399826049804688, 146.12356567382812
5646, 2135.9063272178173, 1, 13.13658516400028, 292, 2349795,                                                 1000000, 12.641556739807129, 147.43115234375
5647, 1994.3487246334553, 1, 20.35819001100026, 451, 2350246,                                                 1000000, 14.33987045288086, 146.68223571777344
5648, 1867.3789371848106, 1, 12.130937718000496, 270, 2350516,                                                 1000000, 14.647050857543945, 147.9017791748047
5649, 416.65228033065796, 1, 14.539049000999512, 320, 2350836,                                                 1000000, 12.788287162780762, 147.64190673828125
5650, -11732.04679018259, 4, 50.0373808330005, 1119, 2351955,                                                 1000000, 14.294268608093262, 147.86279296875
5651, 1892.6436013281345, 1, 15.370456847000241, 340, 2352295,                                                 1000000, 14.527315139770508, 147.22616577148438
5652, 1972.9447470605373, 1, 17.946759410000595, 402, 2352697,                                                 1000000, 14.448594093322754, 148.3933868408203
5653, -464.954760402441, 1, 26.21234624799945, 591, 2353288,                                                 1000000, 13.526290893554688, 148.98947143554688
5654, -2820.7831592559814, 3, 1.505159509000805, 30, 2353318,                                                 1000000, 14.338868141174316, 151.13327026367188
5655, -3502.6144223213196, 3, 10.935585690000153, 237, 2353555,                                                 1000000, 14.07382583618164, 149.78396606445312
5656, -2770.427972614765, 3, 11.762876882001365, 260, 2353815,                                                 1000000, 14.663909912109375, 148.77032470703125
5657, 1282.681065440178, 1, 8.724762628000462, 191, 2354006,                                                 1000000, 15.110245704650879, 148.8668670654297
5658, -4621.357244729996, 1, 34.390035002999866, 769, 2354775,                                                 1000000, 14.7423677444458, 149.62255859375
5659, -4411.056032598019, 3, 14.984082032000515, 337, 2355112,                                                 1000000, 14.805904388427734, 150.24343872070312
5660, 2092.27312874794, 1, 11.934344145000068, 264, 2355376,                                                 1000000, 14.833806991577148, 150.1623992919922
5661, -4966.110939562321, 2, 17.148935495999467, 385, 2355761,                                                 1000000, 14.29400634765625, 151.1136016845703
5662, -3064.135211288929, 2, 10.330119322999963, 225, 2355986,                                                 1000000, 14.644875526428223, 150.41799926757812
5663, -120.80035707354546, 1, 27.19720579499881, 603, 2356589,                                                 1000000, 14.868985176086426, 150.41476440429688
5664, -1101.5603595376015, 1, 21.15275337499952, 472, 2357061,                                                 1000000, 13.976518630981445, 150.90110778808594
5665, 976.9123007059097, 1, 23.362883665999107, 516, 2357577,                                                 1000000, 13.352792739868164, 149.82513427734375
5666, 1591.4535177350044, 1, 18.77853854500063, 422, 2357999,                                                 1000000, 13.857123374938965, 151.2836456298828
5667, 1038.1868362426758, 1, 14.34211649899953, 316, 2358315,                                                 1000000, 14.683623313903809, 150.9351043701172
5668, 2153.6521915495396, 1, 12.386993496000287, 278, 2358593,                                                 1000000, 13.934711456298828, 150.79147338867188
5669, -3732.502126932144, 2, 11.53219372499916, 251, 2358844,                                                 1000000, 14.125147819519043, 150.32040405273438
5670, -2897.8425186276436, 2, 8.729582341000423, 191, 2359035,                                                 1000000, 13.823513984680176, 151.18885803222656
5671, 2327.8716080784798, 1, 8.34861907099912, 182, 2359217,                                                 1000000, 13.90737247467041, 150.79052734375
5672, -756.7037179470062, 1, 28.581046572999185, 638, 2359855,                                                 1000000, 14.306503295898438, 151.00762939453125
5673, -5029.4672112464905, 3, 12.17081442899871, 277, 2360132,                                                 1000000, 15.580707550048828, 151.3303680419922
5674, 2051.209175735712, 1, 14.135629141999743, 310, 2360442,                                                 1000000, 13.620233535766602, 150.1648406982422
5675, 1551.0155865550041, 1, 20.0017567520008, 446, 2360888,                                                 1000000, 14.385943412780762, 151.46160888671875
5676, 1841.0380125939846, 1, 16.144724835001398, 355, 2361243,                                                 1000000, 13.697173118591309, 150.5572052001953
5677, 705.4799056649208, 1, 29.620014448000802, 661, 2361904,                                                 1000000, 14.403298377990723, 150.85400390625
5678, -2342.9059900045395, 3, 2.1036489509988314, 41, 2361945,                                                 1000000, 12.410356521606445, 149.8322296142578
5679, 1330.914471566677, 1, 16.155448449999312, 358, 2362303,                                                 1000000, 14.840802192687988, 149.6682586669922
5680, -5756.426092028618, 2, 19.396561780999036, 437, 2362740,                                                 1000000, 14.095766067504883, 150.50868225097656
5681, 2185.1737864613533, 1, 11.132705927999268, 241, 2362981,                                                 1000000, 14.57451343536377, 151.08657836914062
5682, -2880.9373182058334, 2, 5.747272241998871, 127, 2363108,                                                 1000000, 14.578134536743164, 150.42530822753906
5683, 2077.3120211958885, 1, 11.132062656999551, 245, 2363353,                                                 1000000, 15.22779655456543, 149.8662109375
5684, 2189.8821425139904, 1, 9.53080054199927, 210, 2363563,                                                 1000000, 14.519597053527832, 151.7600860595703
5685, 1070.5119132697582, 1, 15.77961864899953, 347, 2363910,                                                 1000000, 14.242667198181152, 151.85350036621094
5686, 1096.5000033080578, 1, 20.179901790999793, 451, 2364361,                                                 1000000, 15.486159324645996, 152.17056274414062
5687, 1510.6484885513783, 1, 20.588601000999915, 451, 2364812,                                                 1000000, 14.354853630065918, 152.3601531982422
5688, 331.0620711147785, 1, 15.134525317000225, 333, 2365145,                                                 1000000, 14.463618278503418, 150.9675750732422
5689, 2126.922594845295, 1, 9.326510233999215, 203, 2365348,                                                 1000000, 15.10227108001709, 149.72447204589844
5690, -61.39423409104347, 1, 39.80077709299985, 890, 2366238,                                                 1000000, 13.895430564880371, 150.4757080078125
5691, 1183.2509413063526, 1, 18.7733512850009, 419, 2366657,                                                 1000000, 13.474617958068848, 151.42352294921875
5692, 2199.7616107165813, 1, 10.129986220999854, 223, 2366880,                                                 1000000, 13.860605239868164, 151.91500854492188
5693, 1066.4882545918226, 1, 20.378452711000136, 453, 2367333,                                                 1000000, 15.171963691711426, 151.6490020751953
5694, -1377.0427676737309, 1, 32.78912125200077, 736, 2368069,                                                 1000000, 14.829050064086914, 151.00303649902344
5695, -407.52517384290695, 1, 31.62158241399993, 717, 2368786,                                                 1000000, 14.117996215820312, 151.38902282714844
5696, 666.565731883049, 1, 24.574889471999995, 552, 2369338,                                                 1000000, 14.744230270385742, 152.3783721923828
5697, -2432.608504295349, 3, 2.3134726980006235, 49, 2369387,                                                 1000000, 14.500805854797363, 154.704345703125
5698, 2441.4430729448795, 1, 4.141539645999728, 91, 2369478,                                                 1000000, 14.347039222717285, 150.9186248779297
5699, -802.8123228549957, 1, 31.213243277999936, 695, 2370173,                                                 1000000, 14.60421085357666, 153.00791931152344
5700, -3828.95236825943, 3, 16.572054637999827, 369, 2370542,                                                 1000000, 15.120701789855957, 152.94647216796875
5701, 2420.0650488734245, 1, 4.073589765999714, 85, 2370627,                                                 1000000, 14.398337364196777, 150.22555541992188
5702, 1669.011128127575, 1, 16.77191436799876, 376, 2371003,                                                 1000000, 13.754460334777832, 152.29690551757812
5703, 1684.7478291988373, 1, 9.127457606000462, 201, 2371204,                                                 1000000, 14.970954895019531, 152.81077575683594
5704, 1311.652356311679, 1, 22.56399629599946, 498, 2371702,                                                 1000000, 13.79839038848877, 151.96311950683594
5705, 1847.9375045895576, 1, 8.725086455000564, 194, 2371896,                                                 1000000, 14.930903434753418, 152.67691040039062
5706, -2399.3661830425262, 3, 2.13750997599891, 44, 2371940,                                                 1000000, 11.207220077514648, 149.3186798095703
5707, 2270.457683265209, 1, 8.525228045000404, 185, 2372125,                                                 1000000, 14.530160903930664, 152.58326721191406
5708, 1859.4278860092163, 1, 21.78951393100033, 474, 2372599,                                                 1000000, 13.939350128173828, 153.21961975097656
5709, -170.24820771813393, 1, 16.773911969999972, 372, 2372971,                                                 1000000, 14.016302108764648, 154.67074584960938
5710, 637.3723384737968, 1, 18.192898835999586, 411, 2373382,                                                 1000000, 14.509651184082031, 154.63502502441406
5711, -1774.617015749216, 1, 25.16699085900109, 565, 2373947,                                                 1000000, 15.462003707885742, 153.8312225341797
5712, 2072.617519170046, 1, 14.140278535000107, 311, 2374258,                                                 1000000, 15.335587501525879, 156.1038818359375
5713, -206.78387594223022, 1, 17.9496692419998, 400, 2374658,                                                 1000000, 15.484814643859863, 154.83384704589844
5714, 1488.463355600834, 1, 22.76350440100032, 508, 2375166,                                                 1000000, 14.156868934631348, 154.7344970703125
5715, -5922.615874826908, 2, 19.585769004999747, 441, 2375607,                                                 1000000, 14.416491508483887, 154.93145751953125
5716, 1650.0200282931328, 1, 11.935222877998967, 261, 2375868,                                                 1000000, 14.208510398864746, 154.9423065185547
5717, -4088.9375615119934, 3, 15.775998573999459, 350, 2376218,                                                 1000000, 14.642187118530273, 154.32476806640625
5718, -3903.385715484619, 3, 16.94536914499986, 372, 2376590,                                                 1000000, 13.691699981689453, 155.5133514404297
5719, 2419.582403987646, 1, 4.3468713679994835, 94, 2376684,                                                 1000000, 15.94616413116455, 154.41436767578125
5720, 66.36297512054443, 1, 19.35290228699887, 430, 2377114,                                                 1000000, 15.118818283081055, 155.23321533203125
5721, -3866.359936773777, 2, 10.167583259999446, 223, 2377337,                                                 1000000, 15.85937213897705, 155.34756469726562
5722, 2198.5702092051506, 1, 10.32944211999893, 227, 2377564,                                                 1000000, 15.093389511108398, 154.46702575683594
5723, -3933.6202679872513, 3, 8.35670964000019, 188, 2377752,                                                 1000000, 16.2233829498291, 155.98182678222656
5724, 1820.524031817913, 1, 13.166453665000518, 289, 2378041,                                                 1000000, 14.27265739440918, 155.05210876464844
5725, -3300.2563613653183, 3, 15.34173814099995, 340, 2378381,                                                 1000000, 15.777669906616211, 156.73590087890625
5726, 2067.8085330724716, 1, 7.120164969001053, 157, 2378538,                                                 1000000, 14.580236434936523, 155.64759826660156
5727, 574.4772549271584, 1, 22.763856933999705, 503, 2379041,                                                 1000000, 15.154926300048828, 156.92127990722656
5728, 2098.3403612971306, 1, 9.129507249999733, 201, 2379242,                                                 1000000, 15.640157699584961, 155.6657257080078
5729, 2007.175743252039, 1, 9.72545516900027, 216, 2379458,                                                 1000000, 14.587286949157715, 155.5656280517578
5730, -33.17759591341019, 1, 30.60764014399865, 689, 2380147,                                                 1000000, 14.902466773986816, 155.75453186035156
5731, -2529.2541764974594, 3, 5.3187134389991115, 109, 2380256,                                                 1000000, 14.387054443359375, 154.64443969726562
5732, 1765.0373158454895, 1, 15.971919184999933, 361, 2380617,                                                 1000000, 14.611357688903809, 155.47740173339844
5733, 1283.3489159494638, 1, 20.96090283400008, 466, 2381083,                                                 1000000, 14.46964168548584, 155.72691345214844
5734, 448.88550002872944, 1, 23.767049584999768, 528, 2381611,                                                 1000000, 15.708063125610352, 157.61636352539062
5735, 914.990248054266, 1, 22.76170366599945, 507, 2382118,                                                 1000000, 14.639434814453125, 155.90554809570312
5736, 1338.1631848812103, 1, 14.968714126000123, 331, 2382449,                                                 1000000, 14.837906837463379, 156.35491943359375
5737, 2147.524087816477, 1, 8.359237506998397, 183, 2382632,                                                 1000000, 14.837573051452637, 155.96002197265625
5738, -5114.739674508572, 3, 36.60022770999967, 817, 2383449,                                                 1000000, 15.079063415527344, 156.89373779296875
5739, 2433.1994390189648, 1, 4.314529215000221, 94, 2383543,                                                 1000000, 17.34701919555664, 157.38323974609375
5740, 827.5599729418755, 1, 19.95285062200128, 444, 2383987,                                                 1000000, 14.53347396850586, 156.8422088623047
5741, 1227.821751177311, 1, 17.3498473439995, 380, 2384367,                                                 1000000, 14.83000373840332, 156.09510803222656
5742, -3504.235953748226, 3, 13.369333746000848, 300, 2384667,                                                 1000000, 15.240131378173828, 154.9353485107422
5743, -2567.70708155632, 3, 9.13176194999869, 199, 2384866,                                                 1000000, 14.809063911437988, 156.107666015625
5744, 1926.62232285738, 1, 11.564274364000084, 259, 2385125,                                                 1000000, 14.8810396194458, 154.7969970703125
5745, -4369.453063130379, 3, 17.750153459999638, 386, 2385511,                                                 1000000, 15.021746635437012, 155.65231323242188
5746, -4754.662094950676, 3, 19.989855650999743, 447, 2385958,                                                 1000000, 14.306827545166016, 155.24221801757812
5747, 2153.329591244459, 1, 10.733467274998475, 234, 2386192,                                                 1000000, 13.557727813720703, 155.2251434326172
5748, 741.9036134779453, 1, 25.803566303999105, 574, 2386766,                                                 1000000, 14.265661239624023, 154.84962463378906
5749, 741.2198498249054, 1, 16.944929871000568, 378, 2387144,                                                 1000000, 14.348487854003906, 153.8211212158203
5750, 56.435362219810486, 1, 15.745607593999011, 348, 2387492,                                                 1000000, 13.64120864868164, 154.2257080078125
5751, 349.8607899993658, 1, 33.191644279000684, 739, 2388231,                                                 1000000, 14.28742790222168, 154.38861083984375
5752, 523.147707760334, 1, 22.210929580000084, 495, 2388726,                                                 1000000, 14.489871978759766, 153.45570373535156
5753, -4717.744882583618, 2, 21.15985965800064, 463, 2389189,                                                 1000000, 14.42672061920166, 153.43931579589844
5754, 1737.24472540617, 1, 9.763087346000248, 216, 2389405,                                                 1000000, 14.62104606628418, 152.62017822265625
5755, 532.0326927602291, 1, 21.161924972000634, 468, 2389873,                                                 1000000, 13.995243072509766, 154.6614990234375
5756, 1264.9637252390385, 1, 18.184708580000006, 411, 2390284,                                                 1000000, 14.024638175964355, 153.82223510742188
5757, 361.31340715289116, 1, 31.98755672900006, 717, 2391001,                                                 1000000, 14.474699020385742, 153.08609008789062
5758, -3742.071631371975, 2, 11.131898198998897, 245, 2391246,                                                 1000000, 14.625582695007324, 154.6874542236328
5759, 1705.447649627924, 1, 16.949485712999376, 376, 2391622,                                                 1000000, 15.151640892028809, 154.9761962890625
5760, 235.32006685435772, 1, 31.61166512499949, 699, 2392321,                                                 1000000, 14.7847318649292, 154.46421813964844
5761, 2044.7099779844284, 1, 11.372945781000453, 258, 2392579,                                                 1000000, 15.06367015838623, 156.3233642578125
5762, 1788.6990614533424, 1, 22.15877946600085, 484, 2393063,                                                 1000000, 14.554481506347656, 154.279052734375
5763, 476.5054139792919, 1, 23.172319919000074, 516, 2393579,                                                 1000000, 14.923048973083496, 154.90614318847656
5764, 793.4923319816589, 1, 25.39542584099945, 571, 2394150,                                                 1000000, 14.333723068237305, 154.5904998779297
5765, 1335.15574285388, 1, 14.54162141100096, 318, 2394468,                                                 1000000, 14.90747356414795, 154.3885040283203
5766, 1924.140088737011, 1, 14.375195003000044, 326, 2394794,                                                 1000000, 14.925686836242676, 156.234619140625
5767, 1904.258648097515, 1, 13.740336630999082, 298, 2395092,                                                 1000000, 15.232088088989258, 154.90553283691406
5768, -466.0228236913681, 1, 24.577152032001322, 550, 2395642,                                                 1000000, 14.25340461730957, 154.95602416992188
5769, 1058.0914369225502, 1, 16.547279432999858, 365, 2396007,                                                 1000000, 14.464311599731445, 156.0848388671875
5770, 2093.7429807782173, 1, 10.529267339999933, 232, 2396239,                                                 1000000, 13.671427726745605, 156.41207885742188
5771, -304.54789716005325, 1, 24.968726869999955, 553, 2396792,                                                 1000000, 14.209233283996582, 155.5614471435547
5772, -3654.301250874996, 2, 14.951473015000374, 326, 2397118,                                                 1000000, 14.941776275634766, 155.26409912109375
5773, 2421.3582071363926, 1, 4.15146179399926, 92, 2397210,                                                 1000000, 18.062135696411133, 156.37571716308594
5774, -1217.2201460003853, 1, 34.59338373399987, 766, 2397976,                                                 1000000, 14.638778686523438, 155.9586181640625
5775, -7594.792137801647, 2, 39.40799332700044, 873, 2398849,                                                 1000000, 13.876513481140137, 155.64126586914062
5776, 1931.4493479728699, 1, 13.940391862000979, 304, 2399153,                                                 1000000, 14.418876647949219, 155.5821533203125
5777, 1008.9766797423363, 1, 28.19843714000126, 626, 2399779,                                                 1000000, 14.208690643310547, 156.4676513671875
5778, 445.1062368154526, 1, 28.982199559000946, 635, 2400414,                                                 1000000, 14.063295364379883, 155.52915954589844
5779, 2111.4135959148407, 1, 12.936320314000113, 285, 2400699,                                                 1000000, 14.011045455932617, 157.50331115722656
5780, 1997.0909401774406, 1, 19.982636228998672, 447, 2401146,                                                 1000000, 13.797042846679688, 157.47598266601562
5781, 1856.0295629501343, 1, 12.534704216999671, 272, 2401418,                                                 1000000, 13.981138229370117, 156.44400024414062
5782, 2090.17953774333, 1, 8.963450862998798, 200, 2401618,                                                 1000000, 14.092613220214844, 155.99681091308594
5783, 2104.397550702095, 1, 10.33131820500057, 223, 2401841,                                                 1000000, 15.14013385772705, 156.52780151367188
5784, -4305.330248296261, 3, 29.584673778999786, 658, 2402499,                                                 1000000, 14.01222038269043, 157.3863067626953
5785, 2195.9636477828026, 1, 9.952315456999713, 221, 2402720,                                                 1000000, 14.816251754760742, 157.1179656982422
5786, -2728.9422577023506, 3, 8.925925660998473, 192, 2402912,                                                 1000000, 13.963784217834473, 156.9418182373047
5787, -321.00021320581436, 1, 27.57164894699963, 606, 2403518,                                                 1000000, 14.250441551208496, 157.82479858398438
5788, -1397.6279421001673, 1, 30.61177243400016, 681, 2404199,                                                 1000000, 15.003427505493164, 156.9930877685547
5789, 1582.1649613976479, 1, 21.79960695399859, 474, 2404673,                                                 1000000, 13.875203132629395, 157.64346313476562
5790, 734.218467593193, 1, 26.163733121000405, 583, 2405256,                                                 1000000, 14.630593299865723, 157.63560485839844
5791, 1071.8513147234917, 1, 22.160111130999212, 487, 2405743,                                                 1000000, 14.497488021850586, 158.29917907714844
5792, 2097.226000100374, 1, 16.35019181499956, 360, 2406103,                                                 1000000, 14.619966506958008, 158.3437957763672
5793, 1609.9073007702827, 1, 20.18744471899845, 450, 2406553,                                                 1000000, 14.36188793182373, 159.23678588867188
5794, -3988.2674356400967, 1, 38.80542323100053, 860, 2407413,                                                 1000000, 14.400513648986816, 157.98997497558594
5795, 1915.436036169529, 1, 8.538886083999387, 185, 2407598,                                                 1000000, 13.325177192687988, 157.5393524169922
5796, 1159.2089995145798, 1, 26.573096939999232, 587, 2408185,                                                 1000000, 15.029619216918945, 158.98623657226562
5797, -221.08942644298077, 1, 20.357042878000357, 452, 2408637,                                                 1000000, 15.148863792419434, 158.53932189941406
5798, -4370.491201817989, 2, 18.95111523599917, 421, 2409058,                                                 1000000, 14.53062629699707, 159.1251678466797
5799, -403.09171563386917, 1, 30.79239766899991, 685, 2409743,                                                 1000000, 14.024678230285645, 159.42483520507812
5800, -4146.5322988033295, 2, 5.920164966999437, 125, 2409868,                                                 1000000, 15.637146949768066, 158.13328552246094
5801, 2284.4832212626934, 1, 5.761991884000963, 128, 2409996,                                                 1000000, 14.07910442352295, 157.2501220703125
5802, -2626.8863295912743, 2, 4.718842653001047, 99, 2410095,                                                 1000000, 12.951424598693848, 157.64007568359375
5803, -3273.9016052484512, 3, 12.570664486998794, 280, 2410375,                                                 1000000, 14.20643138885498, 158.1839599609375
5804, 1733.7532602846622, 1, 9.562275608999698, 205, 2410580,                                                 1000000, 14.101991653442383, 160.11367797851562
5805, -3902.7313734292984, 3, 16.974246636000316, 376, 2410956,                                                 1000000, 14.815141677856445, 159.53958129882812
5806, 1458.6164264082909, 1, 13.938997743000073, 303, 2411259,                                                 1000000, 14.119967460632324, 159.62213134765625
5807, 609.1355412602425, 1, 17.34863969700018, 380, 2411639,                                                 1000000, 13.634040832519531, 157.8033905029297
5808, -2474.1054280996323, 2, 3.1435050290001527, 67, 2411706,                                                 1000000, 15.260106086730957, 159.70541381835938
5809, 1779.4203338176012, 1, 14.338843519000875, 313, 2412019,                                                 1000000, 15.29104995727539, 159.7087860107422
5810, 868.3193583637476, 1, 25.16995428900009, 549, 2412568,                                                 1000000, 14.43409538269043, 160.88694763183594
5811, -2791.4431505203247, 2, 4.117158216000462, 88, 2412656,                                                 1000000, 16.279136657714844, 158.97537231445312
5812, 2277.21159440279, 1, 5.922587413000656, 125, 2412781,                                                 1000000, 14.31132984161377, 160.62539672851562
5813, 1717.582541257143, 1, 19.978824079998958, 439, 2413220,                                                 1000000, 15.184502601623535, 159.70968627929688
5814, 1180.929023772478, 1, 20.36247107300005, 448, 2413668,                                                 1000000, 14.50192928314209, 159.9267120361328
5815, 2047.260598987341, 1, 10.533944716000406, 229, 2413897,                                                 1000000, 13.971902847290039, 159.7705841064453
5816, 2122.0911695957184, 1, 9.754648090000046, 215, 2414112,                                                 1000000, 14.503435134887695, 160.8715057373047
5817, 1766.1172561049461, 1, 20.148224061000292, 447, 2414559,                                                 1000000, 14.165191650390625, 160.3249969482422
5818, 1783.5504550337791, 1, 22.165810825001245, 489, 2415048,                                                 1000000, 14.943942070007324, 159.90225219726562
5819, -4780.394816815853, 2, 28.01645034000103, 625, 2415673,                                                 1000000, 14.094076156616211, 159.7683563232422
5820, -1484.4277253746986, 1, 33.99376313599896, 751, 2416424,                                                 1000000, 15.001954078674316, 160.97740173339844
5821, 1237.7213690280914, 1, 22.39231721500073, 494, 2416918,                                                 1000000, 14.51058578491211, 160.53250122070312
5822, 1494.2282111346722, 1, 20.553895823000857, 448, 2417366,                                                 1000000, 14.954141616821289, 160.41944885253906
5823, 2206.9609376192093, 1, 8.928282287999536, 192, 2417558,                                                 1000000, 15.44711685180664, 160.62181091308594
5824, -1206.7642623782158, 1, 40.20495012500032, 893, 2418451,                                                 1000000, 13.945618629455566, 161.461669921875
5825, 1143.0733488202095, 1, 18.552719376000823, 405, 2418856,                                                 1000000, 15.405926704406738, 161.66168212890625
5826, 2073.1077921390533, 1, 10.760465081000802, 240, 2419096,                                                 1000000, 13.630892753601074, 160.8082733154297
5827, 2128.5418667793274, 1, 10.933377773999382, 239, 2419335,                                                 1000000, 13.841185569763184, 162.39366149902344
5828, -2941.1679022312164, 2, 6.324285778000558, 134, 2419469,                                                 1000000, 14.691680908203125, 161.5425567626953
