episode, reward, success, duration, steps, total_steps, memory length, avg_critic_loss, avg_actor_loss
3101, 2457.0606622099876, 1, 1.7683744779999415, 44, 1315992,                                                 1000000, 16.501319885253906, 225.09381103515625
3102, 2136.6681492626667, 1, 10.328600371999983, 282, 1316274,                                                 1000000, 16.658552169799805, 230.01858520507812
3103, 1475.8529059886932, 1, 20.577939531000084, 576, 1316850,                                                 1000000, 15.759451866149902, 229.632568359375
3104, 2035.1916554868221, 1, 8.527266372999975, 233, 1317083,                                                 1000000, 14.828094482421875, 230.08433532714844
3105, 1962.0724475979805, 1, 12.534234524000112, 344, 1317427,                                                 1000000, 16.66651153564453, 229.9456787109375
3106, 969.5793601870537, 1, 23.981872401999908, 666, 1318093,                                                 1000000, 17.05257225036621, 229.5800323486328
3107, -2771.125253677368, 3, 1.3033979090000685, 30, 1318123,                                                 1000000, 16.0256290435791, 230.35812377929688
3108, -3285.3832958340645, 3, 12.336325138999882, 336, 1318459,                                                 1000000, 17.362483978271484, 229.36129760742188
3109, 845.3714526891708, 1, 12.750571344000036, 353, 1318812,                                                 1000000, 16.747983932495117, 230.9370574951172
3110, -80.66953557729721, 1, 18.549658151999893, 509, 1319321,                                                 1000000, 16.411251068115234, 229.47230529785156
3111, 1553.6080741286278, 1, 15.750425078000262, 438, 1319759,                                                 1000000, 16.671892166137695, 227.41078186035156
3112, 1673.995493799448, 1, 22.163791898, 615, 1320374,                                                 1000000, 16.279632568359375, 227.5363311767578
3113, 1290.7788707017899, 1, 11.736424951999652, 325, 1320699,                                                 1000000, 15.680912017822266, 229.1561737060547
3114, 1995.6099936366081, 1, 14.741518113999973, 399, 1321098,                                                 1000000, 15.439482688903809, 228.92117309570312
3115, -384.7366985976696, 1, 15.94419054500031, 437, 1321535,                                                 1000000, 16.067731857299805, 227.52178955078125
3116, -84.78587317466736, 1, 24.18456061100005, 673, 1322208,                                                 1000000, 16.122041702270508, 228.84793090820312
3117, 1646.0454046726227, 1, 14.538913462999972, 399, 1322607,                                                 1000000, 16.443981170654297, 233.0223388671875
3118, 1898.4153960645199, 1, 13.54803778600035, 380, 1322987,                                                 1000000, 16.339595794677734, 229.21278381347656
3119, -4431.979399085045, 3, 17.770051041999977, 472, 1323459,                                                 1000000, 16.569047927856445, 229.56553649902344
3120, 2395.3709900975227, 1, 4.5137635759997465, 118, 1323577,                                                 1000000, 16.261444091796875, 233.07078552246094
3121, 1562.8977592289448, 1, 15.341217214000153, 419, 1323996,                                                 1000000, 16.16039276123047, 228.44412231445312
3122, -227.00295913219452, 1, 20.957307369999853, 582, 1324578,                                                 1000000, 17.115610122680664, 229.72618103027344
3123, 337.5693204551935, 1, 26.170170490000146, 721, 1325299,                                                 1000000, 16.363157272338867, 229.90805053710938
3124, -2754.549864590168, 1, 27.78962903899992, 771, 1326070,                                                 1000000, 15.438291549682617, 228.6980438232422
3125, -4583.981415212154, 3, 12.536623387999953, 341, 1326411,                                                 1000000, 16.39515495300293, 230.15386962890625
3126, 1572.134196460247, 1, 15.768842014999791, 436, 1326847,                                                 1000000, 16.111915588378906, 231.79246520996094
3127, 1556.899051696062, 1, 13.737408916000277, 379, 1327226,                                                 1000000, 15.90714168548584, 232.11318969726562
3128, 1887.199273377657, 1, 16.143105954999555, 437, 1327663,                                                 1000000, 16.9381160736084, 230.12347412109375
3129, 237.81874579191208, 1, 20.375146047999806, 560, 1328223,                                                 1000000, 15.706035614013672, 230.20535278320312
3130, 1261.5358716845512, 1, 17.146613781999804, 469, 1328692,                                                 1000000, 16.35959815979004, 228.55226135253906
3131, -2800.800540328026, 3, 9.145936566000273, 253, 1328945,                                                 1000000, 15.83252239227295, 231.19244384765625
3132, 2379.0227442979813, 1, 4.313884362999943, 112, 1329057,                                                 1000000, 15.688015937805176, 229.5169677734375
3133, -6348.245570778847, 2, 29.402659801000027, 817, 1329874,                                                 1000000, 15.970932960510254, 229.92881774902344
3134, 2098.83199352026, 1, 7.322145438000007, 194, 1330068,                                                 1000000, 15.308435440063477, 227.7341766357422
3135, 2048.6387953162193, 1, 10.124020676999862, 275, 1330343,                                                 1000000, 15.464831352233887, 228.7965850830078
3136, -0.9635053873062134, 1, 21.96370806899995, 604, 1330947,                                                 1000000, 17.156869888305664, 229.13177490234375
3137, 1407.6636208295822, 1, 22.56503702000009, 623, 1331570,                                                 1000000, 16.069917678833008, 229.9466552734375
3138, 1564.073108047247, 1, 18.75620403899984, 515, 1332085,                                                 1000000, 16.229442596435547, 226.74179077148438
3139, 1640.2203627824783, 1, 19.96916208499988, 550, 1332635,                                                 1000000, 16.58556365966797, 227.9518585205078
3140, 2046.1956081688404, 1, 12.93610317599996, 355, 1332990,                                                 1000000, 16.080507278442383, 233.20242309570312
3141, 2083.6253832280636, 1, 12.134645436000028, 331, 1333321,                                                 1000000, 16.619468688964844, 229.90576171875
3142, 1816.0374088287354, 1, 20.574442594000175, 558, 1333879,                                                 1000000, 16.808237075805664, 228.20849609375
3143, -3688.7431066036224, 3, 14.74286610099989, 405, 1334284,                                                 1000000, 15.773660659790039, 229.17108154296875
3144, 2178.413585871458, 1, 10.532124658000157, 282, 1334566,                                                 1000000, 15.064924240112305, 229.68649291992188
3145, -441.87732088565826, 1, 17.96888936000005, 498, 1335064,                                                 1000000, 16.382049560546875, 229.09031677246094
3146, 42.94842538237572, 1, 30.391522109000107, 843, 1335907,                                                 1000000, 15.969429016113281, 230.09210205078125
3147, 1400.084809601307, 1, 13.564964437000071, 370, 1336277,                                                 1000000, 16.016006469726562, 229.0991973876953
3148, 157.91440311074257, 1, 19.550158221999936, 537, 1336814,                                                 1000000, 16.203502655029297, 228.92315673828125
3149, -3279.365928053856, 3, 13.358572435000042, 367, 1337181,                                                 1000000, 14.573613166809082, 230.55364990234375
3150, 1282.6433376967907, 1, 15.540107692999754, 417, 1337598,                                                 1000000, 16.444984436035156, 234.12200927734375
3151, 14.328779458999634, 1, 25.7677929030001, 706, 1338304,                                                 1000000, 16.561595916748047, 230.7440948486328
3152, -401.1201124191284, 1, 19.551927261999936, 534, 1338838,                                                 1000000, 16.496938705444336, 230.38446044921875
3153, -1419.8635783791542, 1, 15.556793714999912, 431, 1339269,                                                 1000000, 16.92910385131836, 231.30982971191406
3154, -2920.8046128749847, 3, 3.328938143999949, 79, 1339348,                                                 1000000, 19.07295036315918, 228.64710998535156
3155, 1445.4181739091873, 1, 13.95570530499981, 381, 1339729,                                                 1000000, 15.540031433105469, 229.4918975830078
3156, 1694.5677814781666, 1, 19.952822923999975, 549, 1340278,                                                 1000000, 16.041133880615234, 230.7509002685547
3157, 1821.2648356556892, 1, 14.949396782999884, 399, 1340677,                                                 1000000, 15.486356735229492, 229.6386260986328
3158, 2090.0310369879007, 1, 8.5211274950002, 229, 1340906,                                                 1000000, 17.873472213745117, 229.72850036621094
3159, -1028.2935146093369, 1, 31.406856532999882, 876, 1341782,                                                 1000000, 16.06606674194336, 229.33485412597656
3160, -114.50963866710663, 1, 32.18058088499993, 891, 1342673,                                                 1000000, 16.082548141479492, 230.02212524414062
3161, 506.2817562222481, 1, 29.78321141799961, 833, 1343506,                                                 1000000, 15.938554763793945, 228.45346069335938
3162, -3998.111226797104, 3, 8.52636531600001, 232, 1343738,                                                 1000000, 16.058433532714844, 228.89488220214844
3163, 2136.2041161954403, 1, 9.35002380900005, 256, 1343994,                                                 1000000, 15.576874732971191, 229.55470275878906
3164, -4316.198567509651, 3, 8.522987418999946, 234, 1344228,                                                 1000000, 16.346084594726562, 227.20603942871094
3165, -2682.3895232081413, 3, 9.348325946999921, 260, 1344488,                                                 1000000, 15.611997604370117, 231.80064392089844
3166, -4956.050456225872, 1, 44.82160504000012, 1248, 1345736,                                                 1000000, 16.036502838134766, 229.60890197753906
3167, -1931.2415761947632, 1, 31.386020773000382, 875, 1346611,                                                 1000000, 15.617015838623047, 228.86151123046875
3168, -2503.1737090349197, 3, 2.5105559090002316, 62, 1346673,                                                 1000000, 14.932782173156738, 224.76751708984375
3169, 2154.113880813122, 1, 9.555035747000147, 263, 1346936,                                                 1000000, 15.98935604095459, 229.05979919433594
3170, -3047.3871686458588, 3, 7.323873721999917, 198, 1347134,                                                 1000000, 15.898117065429688, 227.6976776123047
3171, 2067.703279852867, 1, 9.748585632999948, 268, 1347402,                                                 1000000, 16.065065383911133, 229.8661346435547
3172, -2788.4748727083206, 3, 6.92018941599963, 191, 1347593,                                                 1000000, 17.01803207397461, 228.0939483642578
3173, -2623.638873875141, 3, 9.348544185999799, 260, 1347853,                                                 1000000, 16.2608585357666, 232.06204223632812
3174, 1776.2573146820068, 1, 15.350142108, 421, 1348274,                                                 1000000, 16.979930877685547, 228.85218811035156
3175, -5053.815566658974, 3, 17.351471571000275, 456, 1348730,                                                 1000000, 16.690074920654297, 232.4588623046875
3176, 2388.8536365628242, 1, 4.312250868999854, 109, 1348839,                                                 1000000, 15.036320686340332, 229.76528930664062
3177, 2231.0827444195747, 1, 8.729445455000132, 223, 1349062,                                                 1000000, 16.236909866333008, 229.55665588378906
3178, 352.0625338256359, 1, 19.571258629000113, 523, 1349585,                                                 1000000, 16.34767723083496, 229.52685546875
3179, -2727.439363718033, 2, 4.548366952999913, 106, 1349691,                                                 1000000, 15.165270805358887, 224.91488647460938
3180, 2137.999662220478, 1, 6.737157528999887, 182, 1349873,                                                 1000000, 16.78455352783203, 229.8050537109375
3181, 1976.3738117963076, 1, 15.94698644500022, 417, 1350290,                                                 1000000, 15.986648559570312, 227.56639099121094
3182, 1540.6153894662857, 1, 15.945128246999957, 424, 1350714,                                                 1000000, 15.722185134887695, 227.978515625
3183, 1158.914432644844, 1, 21.761575257000004, 571, 1351285,                                                 1000000, 16.289810180664062, 226.3784637451172
3184, 1350.3594346046448, 1, 20.77219216000003, 554, 1351839,                                                 1000000, 15.691924095153809, 225.7318572998047
3185, 2019.3980389237404, 1, 10.133838162999837, 269, 1352108,                                                 1000000, 16.200748443603516, 230.30567932128906
3186, 2007.4461605548859, 1, 9.754824050000025, 260, 1352368,                                                 1000000, 16.331817626953125, 228.2018585205078
3187, 2071.572706580162, 1, 9.128873931999806, 237, 1352605,                                                 1000000, 16.321746826171875, 229.2795867919922
3188, 95.02005982398987, 1, 26.185162152999965, 699, 1353304,                                                 1000000, 15.809431076049805, 229.25985717773438
3189, -2445.93164229393, 2, 2.7112632549997215, 67, 1353371,                                                 1000000, 17.88974952697754, 227.83859252929688
3190, -1804.1968825161457, 1, 43.639784554000016, 1164, 1354535,                                                 1000000, 15.926753044128418, 230.25250244140625
3191, 946.1991073191166, 1, 24.367075403999934, 649, 1355184,                                                 1000000, 16.778886795043945, 231.33551025390625
3192, 1450.9197118282318, 1, 20.959703283999715, 554, 1355738,                                                 1000000, 16.16809844970703, 231.33154296875
3193, 1681.4080904722214, 1, 14.36322352299976, 388, 1356126,                                                 1000000, 16.25409698486328, 229.03611755371094
3194, 893.0299245715141, 1, 15.745442968999669, 409, 1356535,                                                 1000000, 17.28006362915039, 228.4933319091797
3195, 1774.0393736362457, 1, 14.769351402000211, 393, 1356928,                                                 1000000, 15.621691703796387, 229.64724731445312
3196, -1766.9341732114553, 1, 35.99467343499964, 960, 1357888,                                                 1000000, 16.147253036499023, 229.80169677734375
3197, 1876.8287886977196, 1, 10.150854985000024, 267, 1358155,                                                 1000000, 16.0223388671875, 229.8930206298828
3198, -4853.722397327423, 2, 13.936386232000132, 368, 1358523,                                                 1000000, 15.186812400817871, 229.21409606933594
3199, 2226.900135666132, 1, 6.351745749000202, 170, 1358693,                                                 1000000, 16.173372268676758, 228.49391174316406
3200, 2046.0043629407883, 1, 8.526441647999945, 223, 1358916,                                                 1000000, 16.48365020751953, 229.81727600097656
3201, 1208.93979921937, 1, 23.406559987000037, 646, 1359562,                                                 1000000, 15.946948051452637, 227.9501953125
3202, 1477.549368083477, 1, 17.972321512000235, 497, 1360059,                                                 1000000, 17.052627563476562, 230.03065490722656
3203, 1488.74133887887, 1, 12.534697821000009, 335, 1360394,                                                 1000000, 16.049997329711914, 231.2527313232422
3204, -1522.450965180993, 1, 25.99325886900033, 724, 1361118,                                                 1000000, 16.218669891357422, 226.929931640625
3205, -344.4968471378088, 1, 20.95298147299991, 571, 1361689,                                                 1000000, 16.850725173950195, 225.33155822753906
3206, -194.56455546617508, 1, 28.59647103799989, 787, 1362476,                                                 1000000, 15.760815620422363, 226.67437744140625
3207, -2499.8873686790466, 3, 1.7045761249996758, 39, 1362515,                                                 1000000, 14.924108505249023, 227.34725952148438
3208, -4111.951739430428, 3, 12.555855553000129, 346, 1362861,                                                 1000000, 17.12897300720215, 230.54104614257812
3209, 2132.8423325419426, 1, 10.324931324999852, 277, 1363138,                                                 1000000, 16.63174057006836, 226.12689208984375
3210, -895.5569887161255, 1, 39.231629181000244, 1084, 1364222,                                                 1000000, 16.338565826416016, 225.94569396972656
3211, -232.6100282818079, 1, 33.1855607399998, 918, 1365140,                                                 1000000, 15.6243896484375, 226.1313934326172
3212, 963.9333656728268, 1, 22.96264769399977, 626, 1365766,                                                 1000000, 16.25551986694336, 227.65225219726562
3213, -93.7345555126667, 1, 26.17233601099997, 725, 1366491,                                                 1000000, 16.022216796875, 226.72068786621094
3214, 2091.5889593958855, 1, 12.152480822999678, 340, 1366831,                                                 1000000, 16.492652893066406, 229.0253143310547
3215, 22.459782734513283, 1, 31.181830118000107, 867, 1367698,                                                 1000000, 16.592876434326172, 226.85350036621094
3216, 1925.8627403974533, 1, 16.173136842000076, 448, 1368146,                                                 1000000, 16.293163299560547, 227.08106994628906
3217, 1150.2900686264038, 1, 12.935189680000349, 349, 1368495,                                                 1000000, 16.02613639831543, 224.45742797851562
3218, 1006.6357486248016, 1, 23.170252738000272, 637, 1369132,                                                 1000000, 16.090478897094727, 226.57489013671875
3219, -4146.897260427475, 2, 15.36423310500004, 424, 1369556,                                                 1000000, 16.76436996459961, 228.95713806152344
3220, 1446.2838183492422, 1, 16.97012535499971, 460, 1370016,                                                 1000000, 16.374025344848633, 227.8139190673828
3221, 1716.350309163332, 1, 15.562574528999903, 428, 1370444,                                                 1000000, 15.992202758789062, 225.46224975585938
3222, 574.4134561121464, 1, 23.36398465299999, 641, 1371085,                                                 1000000, 15.180363655090332, 227.20858764648438
3223, -2602.811164855957, 2, 3.738327385000048, 101, 1371186,                                                 1000000, 14.906699180603027, 224.7271270751953
3224, 1813.380445688963, 1, 15.344305085000087, 417, 1371603,                                                 1000000, 15.687633514404297, 228.6459503173828
3225, 1394.2032832205296, 1, 15.766588449999745, 426, 1372029,                                                 1000000, 17.262409210205078, 225.98153686523438
3226, 1838.9200218319893, 1, 13.535309480999786, 368, 1372397,                                                 1000000, 16.456510543823242, 224.27833557128906
3227, 937.3313292860985, 1, 26.39949593600022, 730, 1373127,                                                 1000000, 16.17502212524414, 226.65719604492188
3228, -3257.162598133087, 3, 6.522412857999825, 170, 1373297,                                                 1000000, 16.14084815979004, 225.2117919921875
3229, 1440.22769677639, 1, 13.538101883999843, 370, 1373667,                                                 1000000, 15.82076358795166, 223.46966552734375
3230, -4588.133777797222, 2, 19.550855908999438, 537, 1374204,                                                 1000000, 15.821134567260742, 224.8134765625
3231, -3238.3406251072884, 3, 12.138805988000058, 326, 1374530,                                                 1000000, 16.794342041015625, 227.5883026123047
3232, 2327.2505630403757, 1, 8.346605856999304, 220, 1374750,                                                 1000000, 15.851634979248047, 229.03440856933594
3233, 2107.641094714403, 1, 9.752517217999412, 257, 1375007,                                                 1000000, 16.6929931640625, 227.86219787597656
3234, -4334.977190673351, 2, 21.584399782999753, 605, 1375612,                                                 1000000, 15.625177383422852, 225.1793975830078
3235, 2188.574617564678, 1, 8.342849535999449, 223, 1375835,                                                 1000000, 16.414634704589844, 223.03384399414062
3236, 1379.69130808115, 1, 21.759698539000055, 602, 1376437,                                                 1000000, 16.321483612060547, 228.03285217285156
3237, 2058.1266185343266, 1, 11.330561219999254, 313, 1376750,                                                 1000000, 16.317306518554688, 228.70034790039062
3238, 1740.917208224535, 1, 13.938569613999789, 384, 1377134,                                                 1000000, 16.325531005859375, 224.47071838378906
3239, 1926.350864470005, 1, 15.762349319999885, 431, 1377565,                                                 1000000, 16.708457946777344, 227.51417541503906
3240, -1441.6635826826096, 1, 36.996391826000036, 1018, 1378583,                                                 1000000, 16.153207778930664, 227.57508850097656
3241, -2388.5993354022503, 1, 42.03653395299989, 1170, 1379753,                                                 1000000, 16.55750274658203, 225.66348266601562
3242, -2777.289712905884, 3, 1.3070815510000102, 30, 1379783,                                                 1000000, 16.15433692932129, 221.44725036621094
3243, 1663.4297196865082, 1, 13.339986889999636, 364, 1380147,                                                 1000000, 16.76521110534668, 227.6146697998047
3244, 1892.2360619604588, 1, 15.963365403999887, 437, 1380584,                                                 1000000, 15.274742126464844, 224.31639099121094
3245, -7324.872339844704, 4, 51.03567713600023, 1433, 1382017,                                                 1000000, 16.26797866821289, 224.43130493164062
3246, -1283.3194838166237, 1, 24.37228686599974, 676, 1382693,                                                 1000000, 15.948836326599121, 225.18206787109375
3247, 1361.4437695592642, 1, 26.37115539899969, 737, 1383430,                                                 1000000, 17.02577018737793, 225.98443603515625
3248, -1454.3585652709007, 1, 39.005591466000624, 1096, 1384526,                                                 1000000, 16.151607513427734, 225.0340576171875
3249, -3346.750098347664, 3, 17.566794164000385, 492, 1385018,                                                 1000000, 16.644071578979492, 226.11636352539062
3250, -2751.720432817936, 3, 9.524817853999593, 258, 1385276,                                                 1000000, 15.86825180053711, 227.0974884033203
3251, 2181.193813532591, 1, 10.535323672999766, 291, 1385567,                                                 1000000, 16.80303955078125, 221.91233825683594
3252, -246.2896725833416, 1, 27.396799835999445, 775, 1386342,                                                 1000000, 16.169681549072266, 225.78469848632812
3253, -3175.594284415245, 3, 7.319918715999847, 197, 1386539,                                                 1000000, 16.252914428710938, 226.05235290527344
3254, 1034.7022188305855, 1, 12.761326376999932, 360, 1386899,                                                 1000000, 15.489775657653809, 226.6160125732422
3255, 881.6082711815834, 1, 19.95920681700045, 551, 1387450,                                                 1000000, 16.255128860473633, 224.38479614257812
3256, 1460.1693381369114, 1, 22.18376079399968, 622, 1388072,                                                 1000000, 16.182254791259766, 223.80209350585938
3257, 801.7136351168156, 1, 15.945231691000117, 443, 1388515,                                                 1000000, 15.77899169921875, 222.31805419921875
3258, 1928.0082700252533, 1, 10.753833933999886, 286, 1388801,                                                 1000000, 16.923551559448242, 223.06912231445312
3259, 2114.350983262062, 1, 8.123074320000342, 225, 1389026,                                                 1000000, 15.83961009979248, 226.93099975585938
3260, 7.325312495231628, 1, 22.785987233000014, 634, 1389660,                                                 1000000, 15.581273078918457, 224.6978302001953
3261, -5009.986017346382, 3, 26.178228038999805, 728, 1390388,                                                 1000000, 16.63147735595703, 224.03469848632812
3262, -2912.8482381105423, 2, 7.94181267499971, 216, 1390604,                                                 1000000, 16.750478744506836, 227.1329803466797
3263, 2030.6149102151394, 1, 11.53139819900025, 314, 1390918,                                                 1000000, 15.735440254211426, 221.62672424316406
3264, -2861.087967157364, 3, 5.534684376999394, 152, 1391070,                                                 1000000, 16.462787628173828, 227.6580047607422
3265, 2118.202673524618, 1, 10.749261695999849, 289, 1391359,                                                 1000000, 15.93276596069336, 220.9469451904297
3266, 1564.7270092070103, 1, 21.152459900000395, 587, 1391946,                                                 1000000, 15.683354377746582, 222.93141174316406
3267, 776.5898675620556, 1, 22.39359540300029, 613, 1392559,                                                 1000000, 16.062177658081055, 224.7660369873047
3268, 1937.6473128199577, 1, 15.17025437600023, 418, 1392977,                                                 1000000, 16.39824676513672, 223.45957946777344
3269, 1832.2305737137794, 1, 15.74305011999968, 431, 1393408,                                                 1000000, 15.899027824401855, 224.676513671875
3270, 1945.2506954669952, 1, 9.753149839999423, 269, 1393677,                                                 1000000, 15.70134449005127, 229.1534881591797
3271, 1929.2284307479858, 1, 15.146763171999737, 421, 1394098,                                                 1000000, 15.62846565246582, 223.64205932617188
3272, 1529.1629131436348, 1, 12.334857537000062, 341, 1394439,                                                 1000000, 16.232053756713867, 225.04541015625
3273, 1541.3692161142826, 1, 21.575618319999194, 602, 1395041,                                                 1000000, 16.154428482055664, 223.41366577148438
3274, 2050.551306247711, 1, 12.537231197000438, 347, 1395388,                                                 1000000, 16.490318298339844, 224.01258850097656
3275, 456.49641965329647, 1, 27.191782992999833, 755, 1396143,                                                 1000000, 17.138017654418945, 225.32171630859375
3276, -2733.4481451511383, 2, 2.5360445429996616, 71, 1396214,                                                 1000000, 16.377290725708008, 231.0399932861328
3277, 193.34936675429344, 1, 15.16436636400067, 412, 1396626,                                                 1000000, 16.74127960205078, 228.155029296875
3278, -3149.338218867779, 3, 12.554816978999952, 353, 1396979,                                                 1000000, 15.239299774169922, 222.35939025878906
3279, 315.4573982954025, 1, 23.363207252999928, 647, 1397626,                                                 1000000, 16.015527725219727, 223.83285522460938
3280, 1222.8784558027983, 1, 18.552724144000422, 510, 1398136,                                                 1000000, 15.513571739196777, 223.86985778808594
3281, 1961.1302956938744, 1, 10.753383362999557, 303, 1398439,                                                 1000000, 16.040576934814453, 222.1106414794922
3282, 611.0635900497437, 1, 17.947994328000277, 500, 1398939,                                                 1000000, 16.733333587646484, 221.88119506835938
3283, 1353.455096244812, 1, 12.138570712999353, 335, 1399274,                                                 1000000, 15.812273979187012, 225.35487365722656
3284, 2102.1946918070316, 1, 9.348912118999579, 258, 1399532,                                                 1000000, 14.995944023132324, 223.30050659179688
3285, 1707.0819907188416, 1, 10.130516402000467, 271, 1399803,                                                 1000000, 16.090145111083984, 226.03350830078125
3286, 1343.0493624806404, 1, 16.962647615000606, 472, 1400275,                                                 1000000, 16.168861389160156, 220.64935302734375
3287, 1387.8690843582153, 1, 21.958714838999185, 606, 1400881,                                                 1000000, 16.098407745361328, 223.8686065673828
3288, -3992.7806137800217, 3, 16.346690094999758, 448, 1401329,                                                 1000000, 16.01621437072754, 220.72317504882812
3289, 2179.2982211112976, 1, 10.559719703000155, 285, 1401614,                                                 1000000, 15.309085845947266, 221.90582275390625
3290, 2012.2776848077774, 1, 10.529846272000214, 288, 1401902,                                                 1000000, 15.163358688354492, 220.42481994628906
3291, 1896.7449823021889, 1, 12.957769494000786, 360, 1402262,                                                 1000000, 16.060754776000977, 223.10342407226562
3292, -6347.161993265152, 3, 16.5449715069999, 462, 1402724,                                                 1000000, 16.652860641479492, 223.35816955566406
3293, -2675.4011091589928, 3, 9.131094088000282, 252, 1402976,                                                 1000000, 15.323258399963379, 221.1426239013672
3294, 1929.5778844356537, 1, 14.160835808000229, 394, 1403370,                                                 1000000, 16.436994552612305, 224.15196228027344
3295, -2911.264904499054, 2, 6.742213839000215, 176, 1403546,                                                 1000000, 16.703325271606445, 225.2485809326172
3296, 2089.7750552892685, 1, 11.150520764000248, 293, 1403839,                                                 1000000, 16.630041122436523, 222.98068237304688
3297, 1694.405978858471, 1, 16.35091951599952, 451, 1404290,                                                 1000000, 15.671441078186035, 221.3004608154297
3298, 1654.405228972435, 1, 20.98400993300038, 583, 1404873,                                                 1000000, 16.39005470275879, 222.07058715820312
3299, 174.6479654610157, 1, 17.94561600599991, 495, 1405368,                                                 1000000, 15.171923637390137, 224.0459747314453
3300, -798.3011515438557, 1, 24.38781612799994, 668, 1406036,                                                 1000000, 15.943076133728027, 221.0586700439453
3301, 1947.4066294431686, 1, 13.378681490999952, 367, 1406403,                                                 1000000, 16.029081344604492, 221.3420867919922
3302, 2038.016283929348, 1, 11.553672353000366, 322, 1406725,                                                 1000000, 16.759084701538086, 222.6755828857422
3303, 2237.276258200407, 1, 8.724081542000022, 237, 1406962,                                                 1000000, 15.76921272277832, 223.5165252685547
3304, 1228.1608949303627, 1, 18.780549553000128, 524, 1407486,                                                 1000000, 16.125547409057617, 224.70327758789062
3305, 1725.1129160225391, 1, 18.54361570399942, 524, 1408010,                                                 1000000, 16.051406860351562, 225.787841796875
3306, 90.09079203009605, 1, 37.20308321399989, 1040, 1409050,                                                 1000000, 16.438209533691406, 222.82223510742188
3307, 292.59690168499947, 1, 17.16382165699997, 463, 1409513,                                                 1000000, 15.751826286315918, 220.33102416992188
3308, 1465.4383621811867, 1, 9.752404505000413, 269, 1409782,                                                 1000000, 15.32955551147461, 220.77352905273438
3309, -2458.906638145447, 3, 1.3068602240000473, 30, 1409812,                                                 1000000, 17.918516159057617, 214.01806640625
3310, 2206.956228554249, 1, 6.140952878999997, 166, 1409978,                                                 1000000, 16.177453994750977, 221.90005493164062
3311, 1131.4617673754692, 1, 16.743553146000522, 466, 1410444,                                                 1000000, 16.31547737121582, 222.3353271484375
3312, 1449.394400268793, 1, 15.9694465270004, 448, 1410892,                                                 1000000, 15.982287406921387, 223.85009765625
3313, 1900.6504370570183, 1, 10.135590812999908, 276, 1411168,                                                 1000000, 16.688770294189453, 221.7737274169922
3314, 2054.566825300455, 1, 15.168751045000135, 426, 1411594,                                                 1000000, 16.087177276611328, 222.6918487548828
3315, -3142.595637321472, 3, 9.525415594999686, 258, 1411852,                                                 1000000, 16.336713790893555, 221.3927764892578
3316, 309.7277853488922, 1, 14.761740381999516, 415, 1412267,                                                 1000000, 16.524377822875977, 224.00279235839844
3317, 1986.36538118124, 1, 15.74287058200025, 436, 1412703,                                                 1000000, 16.02252197265625, 222.03878784179688
3318, -1339.3370528370142, 1, 42.413165550000485, 1184, 1413887,                                                 1000000, 16.63309097290039, 221.9348602294922
3319, -2579.914055585861, 2, 2.1310573930004466, 55, 1413942,                                                 1000000, 13.431524276733398, 223.51251220703125
3320, -1083.1266118884087, 1, 27.98303595700054, 749, 1414691,                                                 1000000, 16.34233856201172, 224.91551208496094
3321, 422.5491581559181, 1, 23.163085422999757, 619, 1415310,                                                 1000000, 16.648311614990234, 222.53997802734375
3322, 1088.1628668904305, 1, 13.360206250000374, 357, 1415667,                                                 1000000, 15.961013793945312, 221.89984130859375
3323, -2981.1485919058323, 3, 16.139472838000074, 429, 1416096,                                                 1000000, 16.58684539794922, 222.8950653076172
3324, 674.3725752234459, 1, 12.939948829999594, 339, 1416435,                                                 1000000, 16.19015121459961, 222.75906372070312
3325, 63.79033789038658, 1, 14.76763949799988, 403, 1416838,                                                 1000000, 16.029600143432617, 222.1189727783203
3326, -4420.120108127594, 3, 25.175164146000498, 675, 1417513,                                                 1000000, 16.444416046142578, 222.9991455078125
3327, 2156.9966142475605, 1, 10.149522356000489, 270, 1417783,                                                 1000000, 15.420682907104492, 224.9365234375
3328, 66.32257837057114, 1, 26.570494105000762, 710, 1418493,                                                 1000000, 16.43817710876465, 223.57077026367188
3329, 1621.2436369210482, 1, 20.363871008999922, 543, 1419036,                                                 1000000, 16.544513702392578, 221.62269592285156
3330, 1558.484004303813, 1, 12.556585749999613, 327, 1419363,                                                 1000000, 15.592242240905762, 222.3247833251953
3331, 1428.4032372236252, 1, 17.371852954000133, 467, 1419830,                                                 1000000, 16.956573486328125, 222.05735778808594
3332, 590.703344643116, 1, 19.55194705299982, 514, 1420344,                                                 1000000, 15.78993034362793, 222.0531463623047
3333, 79.8136576116085, 1, 14.360685089000071, 382, 1420726,                                                 1000000, 15.557662010192871, 224.8473663330078
3334, 27.56836047768593, 1, 29.579792692999945, 787, 1421513,                                                 1000000, 16.284893035888672, 224.59341430664062
3335, 1382.5894833505154, 1, 16.546778761000496, 436, 1421949,                                                 1000000, 15.72057056427002, 220.89100646972656
3336, -4455.985879898071, 2, 15.541829113000858, 412, 1422361,                                                 1000000, 15.985980987548828, 224.4856719970703
3337, 2224.4602413773537, 1, 6.147788948999732, 150, 1422511,                                                 1000000, 15.97615909576416, 224.9079132080078
3338, 1892.9812313765287, 1, 13.131058375000066, 345, 1422856,                                                 1000000, 16.517791748046875, 224.10086059570312
3339, 1265.585714250803, 1, 13.543051141000433, 358, 1423214,                                                 1000000, 16.230606079101562, 223.6737518310547
3340, 1919.0702451765537, 1, 12.753546952000761, 341, 1423555,                                                 1000000, 16.792171478271484, 224.67364501953125
3341, 620.80445048213, 1, 21.95814748599969, 586, 1424141,                                                 1000000, 15.778478622436523, 226.5037078857422
3342, 330.9696236848831, 1, 19.58500170499974, 529, 1424670,                                                 1000000, 16.812036514282227, 224.19374084472656
3343, 1438.2244418263435, 1, 21.155607658000008, 563, 1425233,                                                 1000000, 15.910869598388672, 225.74647521972656
3344, -3705.1351643800735, 3, 8.329221764999602, 215, 1425448,                                                 1000000, 17.34712791442871, 226.84820556640625
3345, 1935.1936545968056, 1, 12.533243543000026, 333, 1425781,                                                 1000000, 15.784204483032227, 225.73760986328125
3346, 944.6258864998817, 1, 17.969832832000066, 488, 1426269,                                                 1000000, 16.196949005126953, 226.64859008789062
3347, 2181.120859503746, 1, 8.723276163999799, 234, 1426503,                                                 1000000, 16.104001998901367, 226.9864044189453
3348, -2881.6374375224113, 2, 12.35510667499966, 330, 1426833,                                                 1000000, 16.444046020507812, 223.62474060058594
3349, 2294.6443110853434, 1, 8.12532972400004, 210, 1427043,                                                 1000000, 15.904253005981445, 223.8911590576172
3350, 1057.8043686449528, 1, 22.161335891000817, 593, 1427636,                                                 1000000, 16.321950912475586, 225.08926391601562
3351, 2004.4828099012375, 1, 8.724810076999347, 226, 1427862,                                                 1000000, 16.38091278076172, 226.9744873046875
3352, 1815.1485304236412, 1, 15.145119251999859, 400, 1428262,                                                 1000000, 15.763370513916016, 227.59906005859375
3353, 1209.098363250494, 1, 19.174018101, 517, 1428779,                                                 1000000, 17.173877716064453, 222.89166259765625
3354, 113.78122514486313, 1, 16.74324383200019, 444, 1429223,                                                 1000000, 16.16046714782715, 219.65823364257812
3355, 1589.8855786025524, 1, 13.170464261999768, 353, 1429576,                                                 1000000, 16.19931411743164, 224.19126892089844
3356, 956.9337910413742, 1, 16.746484092000173, 451, 1430027,                                                 1000000, 16.43991470336914, 223.94680786132812
3357, 1112.5228658914566, 1, 15.364151978999871, 410, 1430437,                                                 1000000, 15.291604042053223, 223.46731567382812
3358, 1630.0736367106438, 1, 17.96941498399974, 474, 1430911,                                                 1000000, 16.364538192749023, 224.16078186035156
3359, -4142.095737159252, 3, 18.345321574999616, 492, 1431403,                                                 1000000, 15.542448043823242, 223.31069946289062
3360, 1842.1931678056717, 1, 12.531693435999841, 327, 1431730,                                                 1000000, 15.798110961914062, 220.4505615234375
3361, 1960.8704235553741, 1, 11.756621479999922, 317, 1432047,                                                 1000000, 16.599821090698242, 221.28016662597656
3362, -2558.4683247208595, 3, 4.115330792999885, 103, 1432150,                                                 1000000, 15.994131088256836, 219.87747192382812
3363, 2061.3138175606728, 1, 10.532615559999613, 282, 1432432,                                                 1000000, 16.67405128479004, 222.87451171875
3364, -2877.9767113924026, 3, 12.935909498000001, 343, 1432775,                                                 1000000, 16.223548889160156, 223.1906280517578
3365, 1476.0768126249313, 1, 14.145187938000163, 378, 1433153,                                                 1000000, 15.82381534576416, 220.4094696044922
3366, 837.4840942621231, 1, 21.555900954999743, 575, 1433728,                                                 1000000, 15.756248474121094, 222.82061767578125
3367, -3844.770048558712, 2, 17.351507798000057, 466, 1434194,                                                 1000000, 15.981342315673828, 223.2943572998047
3368, 2425.0311847031116, 1, 4.137082119000297, 110, 1434304,                                                 1000000, 15.733989715576172, 224.70455932617188
3369, 2067.524957090616, 1, 9.126213585000187, 240, 1434544,                                                 1000000, 15.10258674621582, 221.85667419433594
3370, -3860.4721999168396, 2, 15.163757450000048, 404, 1434948,                                                 1000000, 15.373530387878418, 226.023193359375
3371, 2173.9787506461143, 1, 9.723868842999764, 252, 1435200,                                                 1000000, 15.931859970092773, 226.33348083496094
3372, -2866.9340945482254, 3, 8.147259585000029, 217, 1435417,                                                 1000000, 16.096261978149414, 224.3406524658203
3373, 440.21843379735947, 1, 14.938509026999782, 399, 1435816,                                                 1000000, 16.668806076049805, 226.78562927246094
3374, 134.75766962766647, 1, 26.167460937000214, 702, 1436518,                                                 1000000, 15.6426420211792, 225.20730590820312
3375, -4535.290805578232, 3, 20.579059120000238, 548, 1437066,                                                 1000000, 15.823065757751465, 221.09024047851562
3376, -816.9187613129616, 1, 14.14066073899994, 377, 1437443,                                                 1000000, 17.329370498657227, 227.020263671875
3377, -479.8427607566118, 1, 25.994100364000587, 720, 1438163,                                                 1000000, 16.438688278198242, 224.4866943359375
3378, 1492.6245458722115, 1, 13.538977686999715, 377, 1438540,                                                 1000000, 17.23877716064453, 220.94639587402344
3379, -4528.079584002495, 3, 10.13568566199956, 277, 1438817,                                                 1000000, 15.317164421081543, 220.44912719726562
3380, 2175.1069662868977, 1, 6.344509659999858, 178, 1438995,                                                 1000000, 15.605528831481934, 226.7087860107422
3381, 2001.476789355278, 1, 10.528731829000208, 285, 1439280,                                                 1000000, 16.10420799255371, 223.20306396484375
3382, 598.5475077927113, 1, 11.352547448000223, 316, 1439596,                                                 1000000, 16.002134323120117, 224.03843688964844
3383, 1153.4598361551762, 1, 23.16619560199979, 645, 1440241,                                                 1000000, 16.249195098876953, 223.26895141601562
3384, 1988.070755392313, 1, 10.731792700999904, 296, 1440537,                                                 1000000, 16.05742835998535, 222.94161987304688
3385, -2889.9267852306366, 3, 12.135220173000562, 332, 1440869,                                                 1000000, 16.280845642089844, 222.4381103515625
3386, -3622.40852022171, 2, 9.345160673000464, 263, 1441132,                                                 1000000, 16.47112274169922, 225.1647491455078
3387, 391.36019375920296, 1, 12.131843298000604, 337, 1441469,                                                 1000000, 15.817547798156738, 221.9793701171875
3388, 628.0945358872414, 1, 16.563613657000133, 463, 1441932,                                                 1000000, 16.370948791503906, 225.3957061767578
3389, -4943.710053861141, 2, 14.761063667000599, 396, 1442328,                                                 1000000, 16.28057861328125, 220.60244750976562
3390, 1791.627685636282, 1, 15.563143028999548, 433, 1442761,                                                 1000000, 16.66987419128418, 222.72549438476562
3391, 87.26656568050385, 1, 22.76455766900017, 632, 1443393,                                                 1000000, 15.668304443359375, 222.8744354248047
3392, 1582.6472399830818, 1, 19.572467957999834, 545, 1443938,                                                 1000000, 16.056982040405273, 224.52224731445312
3393, 665.9177827388048, 1, 18.762687872000242, 522, 1444460,                                                 1000000, 16.071012496948242, 223.52976989746094
3394, 1587.775877147913, 1, 17.166162973999235, 482, 1444942,                                                 1000000, 16.45278549194336, 220.26438903808594
3395, 1956.9961778223515, 1, 12.739065691000178, 349, 1445291,                                                 1000000, 15.924606323242188, 220.77786254882812
3396, 2099.4581285715103, 1, 9.329972972999713, 251, 1445542,                                                 1000000, 15.899276733398438, 220.23597717285156
3397, 1889.7290893495083, 1, 16.947705671999756, 471, 1446013,                                                 1000000, 15.575430870056152, 220.82774353027344
3398, 1935.432597965002, 1, 8.52765138399991, 234, 1446247,                                                 1000000, 16.526872634887695, 223.9259033203125
3399, 1372.4581719636917, 1, 21.380369929000153, 581, 1446828,                                                 1000000, 15.7691650390625, 222.44992065429688
3400, -374.71149034798145, 1, 28.37194799200006, 781, 1447609,                                                 1000000, 16.260915756225586, 221.33522033691406
3401, -4582.246962487698, 3, 31.123116873000072, 861, 1448470,                                                 1000000, 15.965373039245605, 221.16688537597656
3402, 2105.846657216549, 1, 9.925429296000402, 270, 1448740,                                                 1000000, 16.043840408325195, 219.58914184570312
3403, -477.08554244041443, 1, 26.998362655000165, 754, 1449494,                                                 1000000, 15.806292533874512, 221.9005126953125
3404, -122.44860497117043, 1, 19.758398551999562, 545, 1450039,                                                 1000000, 15.678250312805176, 220.65391540527344
3405, 1285.537595808506, 1, 28.99188888000026, 804, 1450843,                                                 1000000, 16.1272029876709, 218.85374450683594
3406, -1706.1874638050795, 1, 35.21985702999973, 985, 1451828,                                                 1000000, 16.25252342224121, 222.9486846923828
3407, 2045.0513764321804, 1, 10.531791286000043, 285, 1452113,                                                 1000000, 16.032487869262695, 218.5608367919922
3408, 1955.0916564017534, 1, 18.971455332000005, 529, 1452642,                                                 1000000, 15.679357528686523, 218.81216430664062
3409, 1237.7468548417091, 1, 18.354290997000135, 510, 1453152,                                                 1000000, 16.61259651184082, 222.0879669189453
3410, 1046.669444590807, 1, 21.974617670999578, 624, 1453776,                                                 1000000, 15.63125228881836, 218.38356018066406
3411, -2877.951339840889, 2, 5.321037871000044, 144, 1453920,                                                 1000000, 15.394782066345215, 223.08604431152344
3412, -2868.996606349945, 3, 9.140511696999965, 244, 1454164,                                                 1000000, 15.14113998413086, 223.39727783203125
3413, 1848.4474397301674, 1, 12.55939020599999, 328, 1454492,                                                 1000000, 15.407187461853027, 224.1358642578125
3414, 708.5173727869987, 1, 16.54720904199985, 443, 1454935,                                                 1000000, 16.803598403930664, 223.44110107421875
3415, -5574.301686882973, 2, 23.16742212600002, 621, 1455556,                                                 1000000, 16.490530014038086, 221.72329711914062
3416, 2427.6414629220963, 1, 4.133467794000353, 108, 1455664,                                                 1000000, 16.62735366821289, 226.17410278320312
3417, 2131.2177559137344, 1, 9.927559153999937, 256, 1455920,                                                 1000000, 16.871597290039062, 219.95188903808594
3418, -3052.6558527350426, 3, 11.536210848999872, 303, 1456223,                                                 1000000, 16.651384353637695, 225.66053771972656
3419, 2175.7054556310177, 1, 9.95892962400012, 262, 1456485,                                                 1000000, 16.17280387878418, 224.53684997558594
3420, 1643.9902342259884, 1, 18.146991375000653, 484, 1456969,                                                 1000000, 16.091190338134766, 221.94168090820312
3421, 1825.3558291047812, 1, 18.153300941999987, 484, 1457453,                                                 1000000, 16.056076049804688, 220.65391540527344
3422, -3380.4544489979744, 3, 15.746974629999386, 416, 1457869,                                                 1000000, 17.161470413208008, 225.57249450683594
3423, 1197.810306608677, 1, 12.334872649000317, 326, 1458195,                                                 1000000, 16.008256912231445, 220.47262573242188
3424, 840.5690067708492, 1, 9.72777087400027, 255, 1458450,                                                 1000000, 16.321792602539062, 226.65052795410156
3425, -2887.702299952507, 3, 12.138664040000549, 321, 1458771,                                                 1000000, 16.79153060913086, 221.04376220703125
3426, 2293.517630636692, 1, 8.324215499000275, 217, 1458988,                                                 1000000, 16.096548080444336, 220.23025512695312
3427, -3716.470242500305, 3, 12.16454978800084, 324, 1459312,                                                 1000000, 15.096746444702148, 221.01699829101562
3428, 281.31610491871834, 1, 14.739673702999426, 394, 1459706,                                                 1000000, 15.85749340057373, 221.65966796875
3429, 6.878824472427368, 1, 29.001403737000146, 783, 1460489,                                                 1000000, 16.488405227661133, 220.7661895751953
3430, -2634.465039253235, 3, 4.313238923999961, 108, 1460597,                                                 1000000, 16.216426849365234, 220.82337951660156
3431, 1161.9103276729584, 1, 14.766258586999356, 398, 1460995,                                                 1000000, 16.86899757385254, 217.93702697753906
3432, 1851.7174034118652, 1, 12.935347482999532, 344, 1461339,                                                 1000000, 16.096561431884766, 219.8687744140625
3433, 1261.7403522133827, 1, 17.74773374399956, 478, 1461817,                                                 1000000, 16.02528953552246, 221.94630432128906
3434, 1952.4257665872574, 1, 14.142446263999773, 369, 1462186,                                                 1000000, 16.054067611694336, 219.99925231933594
3435, 1747.6230146288872, 1, 18.953456052000547, 505, 1462691,                                                 1000000, 16.103771209716797, 220.85316467285156
3436, -119.54626035690308, 1, 19.76174507900032, 526, 1463217,                                                 1000000, 16.094884872436523, 222.4378204345703
3437, 1996.9062140285969, 1, 10.95125993900001, 297, 1463514,                                                 1000000, 15.7479248046875, 222.4322967529297
3438, -2624.8471937179565, 3, 1.5073115279992635, 31, 1463545,                                                 1000000, 12.039790153503418, 209.54656982421875
3439, 2159.930175513029, 1, 11.159290152999347, 300, 1463845,                                                 1000000, 15.767638206481934, 217.1089630126953
3440, -3246.0579060316086, 3, 6.720882886999789, 177, 1464022,                                                 1000000, 16.710596084594727, 221.4292449951172
3441, -3171.995581328869, 3, 9.757624193999618, 264, 1464286,                                                 1000000, 16.00383758544922, 218.05027770996094
3442, -3254.870937347412, 3, 13.733948959000372, 364, 1464650,                                                 1000000, 16.392362594604492, 217.52957153320312
3443, -4416.961641550064, 2, 24.968844641000032, 671, 1465321,                                                 1000000, 16.444570541381836, 220.0590362548828
3444, 2322.655548840761, 1, 8.12419810999927, 213, 1465534,                                                 1000000, 14.983945846557617, 220.92816162109375
3445, 668.403161406517, 1, 23.559450308000123, 631, 1466165,                                                 1000000, 15.699544906616211, 221.0747833251953
3446, 856.5432230979204, 1, 17.978643820000798, 484, 1466649,                                                 1000000, 15.733245849609375, 219.42391967773438
3447, 1084.0016315579414, 1, 20.95398730099987, 563, 1467212,                                                 1000000, 16.365163803100586, 217.16043090820312
3448, -3792.2856365442276, 3, 15.764488503999928, 424, 1467636,                                                 1000000, 16.174148559570312, 219.81773376464844
3449, 363.024395942688, 1, 16.94840333400043, 455, 1468091,                                                 1000000, 15.989399909973145, 219.95037841796875
3450, 1267.7073932439089, 1, 19.5800099220005, 528, 1468619,                                                 1000000, 16.360626220703125, 217.55453491210938
3451, 1562.7018018066883, 1, 22.55595231999996, 607, 1469226,                                                 1000000, 15.995664596557617, 217.2097930908203
3452, 1937.4320605546236, 1, 14.144587669999964, 374, 1469600,                                                 1000000, 16.008432388305664, 219.61294555664062
3453, -4428.99624735117, 3, 21.181966294999256, 568, 1470168,                                                 1000000, 16.259275436401367, 218.8490753173828
3454, -388.7108138203621, 1, 21.56008521900003, 579, 1470747,                                                 1000000, 15.470481872558594, 219.21417236328125
3455, 1643.527329981327, 1, 23.58959111799959, 644, 1471391,                                                 1000000, 16.095266342163086, 219.15304565429688
3456, 1663.8712451159954, 1, 21.758283993000077, 588, 1471979,                                                 1000000, 15.617570877075195, 217.79815673828125
3457, 2018.6591714918613, 1, 10.558866387999842, 278, 1472257,                                                 1000000, 15.629190444946289, 220.78057861328125
3458, 1665.8316156864166, 1, 9.149948788000074, 232, 1472489,                                                 1000000, 17.028085708618164, 222.14599609375
3459, 1985.8681114017963, 1, 11.529526607999287, 308, 1472797,                                                 1000000, 15.938065528869629, 217.3977508544922
3460, 1154.7800191938877, 1, 9.531624223000108, 255, 1473052,                                                 1000000, 15.492307662963867, 216.5207977294922
3461, -4159.321748197079, 2, 22.757440954999765, 614, 1473666,                                                 1000000, 15.802925109863281, 221.45095825195312
3462, -2925.894514143467, 2, 9.934498786000404, 260, 1473926,                                                 1000000, 16.160371780395508, 217.32470703125
3463, -140.8476478457451, 1, 16.163014114999896, 439, 1474365,                                                 1000000, 15.69021987915039, 219.24085998535156
3464, 1879.9815716445446, 1, 10.329794497999501, 277, 1474642,                                                 1000000, 15.99693775177002, 221.0028533935547
3465, 1944.3923923522234, 1, 12.955581995999637, 345, 1474987,                                                 1000000, 16.30990219116211, 221.09649658203125
3466, -3887.0300738811493, 2, 7.9248975500004235, 209, 1475196,                                                 1000000, 16.992616653442383, 220.81629943847656
3467, 1273.3724220991135, 1, 16.949921489999724, 449, 1475645,                                                 1000000, 15.530797958374023, 220.5902862548828
3468, 1949.356438651681, 1, 17.976300399000138, 486, 1476131,                                                 1000000, 15.198458671569824, 219.66835021972656
3469, 1445.0101889967918, 1, 23.765697288999945, 642, 1476773,                                                 1000000, 16.285640716552734, 221.79212951660156
3470, 1002.162578701973, 1, 14.564601555999616, 388, 1477161,                                                 1000000, 16.095401763916016, 221.7185821533203
3471, -3999.4861557483673, 3, 6.921373757000765, 181, 1477342,                                                 1000000, 16.80873680114746, 221.00453186035156
3472, 2119.367997288704, 1, 10.332468591999714, 271, 1477613,                                                 1000000, 16.835840225219727, 219.64935302734375
3473, 1893.2139777839184, 1, 13.139179368999976, 348, 1477961,                                                 1000000, 16.61293601989746, 220.40028381347656
3474, -1066.9490544497967, 1, 29.404854882999643, 802, 1478763,                                                 1000000, 16.613521575927734, 221.72894287109375
3475, 666.2897064685822, 1, 26.37523163900005, 711, 1479474,                                                 1000000, 16.09329605102539, 220.05836486816406
3476, 1853.2336164414883, 1, 16.346707280999908, 430, 1479904,                                                 1000000, 16.35256004333496, 221.7158203125
3477, 1110.1263782978058, 1, 19.555271989001085, 522, 1480426,                                                 1000000, 17.07954978942871, 220.29898071289062
3478, -2178.770567417145, 1, 29.20582627099975, 792, 1481218,                                                 1000000, 17.074907302856445, 220.103759765625
3479, -2768.940383911133, 3, 1.505410422998466, 31, 1481249,                                                 1000000, 15.487786293029785, 226.42701721191406
3480, 2209.9323617964983, 1, 10.329353273000379, 276, 1481525,                                                 1000000, 16.554128646850586, 224.41925048828125
3481, 1713.6223875880241, 1, 9.334372361998248, 246, 1481771,                                                 1000000, 16.071041107177734, 221.6016082763672
3482, 1942.2357382178307, 1, 8.950804350999533, 238, 1482009,                                                 1000000, 16.950027465820312, 221.19326782226562
3483, -2987.801941394806, 2, 12.540765986999759, 331, 1482340,                                                 1000000, 16.346120834350586, 220.1917724609375
3484, -1252.0220300853252, 1, 30.611266283000077, 834, 1483174,                                                 1000000, 16.999479293823242, 221.90362548828125
3485, -6220.4614803195, 3, 25.585134072000074, 685, 1483859,                                                 1000000, 16.405620574951172, 221.23797607421875
3486, 2114.490759372711, 1, 10.131463466999776, 268, 1484127,                                                 1000000, 17.147891998291016, 223.3699188232422
3487, -1043.4298268258572, 1, 45.65210411500084, 1092, 1485219,                                                 1000000, 16.050708770751953, 224.53619384765625
3488, -2370.3944833278656, 3, 1.3304300039999362, 31, 1485250,                                                 1000000, 16.17686653137207, 217.65582275390625
3489, 2105.943329066038, 1, 9.526901941999313, 237, 1485487,                                                 1000000, 16.724397659301758, 225.48001098632812
3490, -2991.0092664957047, 2, 14.163050688999647, 362, 1485849,                                                 1000000, 16.17736053466797, 222.5233917236328
3491, 2389.0563084483147, 1, 4.312268592000692, 103, 1485952,                                                 1000000, 15.426941871643066, 223.62892150878906
3492, -14071.618079721928, 2, 45.04007894799906, 1160, 1487112,                                                 1000000, 16.437482833862305, 221.74288940429688
3493, 1264.6327688694, 1, 14.541908561999662, 364, 1487476,                                                 1000000, 15.98996639251709, 221.47593688964844
3494, 980.0717347562313, 1, 25.58794748100081, 651, 1488127,                                                 1000000, 16.722049713134766, 223.66529846191406
3495, 926.5716193318367, 1, 13.337264976998995, 335, 1488462,                                                 1000000, 16.492847442626953, 220.88629150390625
3496, 2069.8747777044773, 1, 9.328548831999797, 233, 1488695,                                                 1000000, 16.447736740112305, 224.51625061035156
3497, 2089.4401639699936, 1, 11.129659555999751, 283, 1488978,                                                 1000000, 15.370270729064941, 224.2170867919922
3498, 1783.0329914987087, 1, 15.560744177999368, 402, 1489380,                                                 1000000, 15.874945640563965, 222.4113006591797
3499, 1744.8314812779427, 1, 13.742343186000653, 345, 1489725,                                                 1000000, 16.235868453979492, 222.88389587402344
3500, -2954.4206498861313, 3, 1.9374324549989979, 50, 1489775,                                                 1000000, 18.135292053222656, 221.43507385253906
3501, 2078.3970317840576, 1, 8.41104579399871, 207, 1489982,                                                 1000000, 16.78154182434082, 222.47689819335938
3502, -2750.716236591339, 2, 4.136390255000151, 109, 1490091,                                                 1000000, 17.375959396362305, 225.03207397460938
3503, 1855.662409156561, 1, 14.343113294000432, 371, 1490462,                                                 1000000, 16.75824737548828, 223.6504364013672
3504, 1994.1096365451813, 1, 11.748877731000903, 310, 1490772,                                                 1000000, 17.13849449157715, 226.8978271484375
3505, 1575.3928518593311, 1, 13.536694828999316, 350, 1491122,                                                 1000000, 16.049381256103516, 222.5008544921875
3506, 1147.830812200904, 1, 14.338727074000417, 372, 1491494,                                                 1000000, 16.592531204223633, 222.3662872314453
3507, 1592.7834073007107, 1, 17.166006481000295, 456, 1491950,                                                 1000000, 16.482088088989258, 221.55484008789062
3508, -3756.8596166968346, 3, 13.355108664998625, 340, 1492290,                                                 1000000, 17.225502014160156, 226.64370727539062
3509, 1517.7993506789207, 1, 15.762396369000271, 413, 1492703,                                                 1000000, 16.18457794189453, 220.89308166503906
3510, 513.7898413538933, 1, 20.554114677999678, 539, 1493242,                                                 1000000, 15.805176734924316, 224.80361938476562
3511, 1741.1755231171846, 1, 14.566723365000144, 381, 1493623,                                                 1000000, 16.357275009155273, 225.8856964111328
3512, 1340.962718307972, 1, 20.954018573998837, 551, 1494174,                                                 1000000, 16.64862632751465, 221.94908142089844
3513, -3390.424256205559, 3, 8.945677552999769, 232, 1494406,                                                 1000000, 16.615158081054688, 223.86314392089844
3514, 2388.1553582549095, 1, 4.313458939001066, 107, 1494513,                                                 1000000, 15.653739929199219, 224.05697631835938
3515, 2025.0239709615707, 1, 9.528334104999885, 245, 1494758,                                                 1000000, 15.929123878479004, 223.2434844970703
3516, 1783.2401540279388, 1, 9.152655820000291, 236, 1494994,                                                 1000000, 17.375455856323242, 224.5145263671875
3517, -3194.668186545372, 2, 14.5379464990001, 375, 1495369,                                                 1000000, 16.84416961669922, 222.88699340820312
3518, 896.4999588429928, 1, 17.372820534999846, 453, 1495822,                                                 1000000, 17.011743545532227, 223.35397338867188
3519, 1395.3696338236332, 1, 21.958910009998363, 573, 1496395,                                                 1000000, 16.954614639282227, 222.67164611816406
3520, -3977.8221066594124, 3, 23.768990793998455, 624, 1497019,                                                 1000000, 16.556297302246094, 223.7882080078125
3521, 1110.9834279716015, 1, 20.576715381999747, 545, 1497564,                                                 1000000, 17.282766342163086, 225.61795043945312
3522, 816.9873100966215, 1, 21.760082237999086, 572, 1498136,                                                 1000000, 16.830883026123047, 223.2882843017578
3523, -3871.8884075284004, 3, 21.577022586001476, 573, 1498709,                                                 1000000, 16.72607421875, 224.90663146972656
3524, 1415.323949098587, 1, 15.337855368999953, 399, 1499108,                                                 1000000, 16.571969985961914, 224.7377471923828
3525, -3610.7416976690292, 3, 14.170645376998436, 367, 1499475,                                                 1000000, 16.17962074279785, 224.85147094726562
3526, 1726.163457751274, 1, 14.740707864999422, 381, 1499856,                                                 1000000, 16.944055557250977, 223.64451599121094
3527, 1669.2993440032005, 1, 21.785497504999512, 579, 1500435,                                                 1000000, 16.647554397583008, 224.27232360839844
3528, -4823.810705661774, 3, 23.96075950500017, 633, 1501068,                                                 1000000, 16.643041610717773, 222.33432006835938
3529, 2149.7777030467987, 1, 6.319455184999242, 162, 1501230,                                                 1000000, 17.193422317504883, 224.8435516357422
3530, 1872.3969512581825, 1, 13.937087895999866, 363, 1501593,                                                 1000000, 17.380908966064453, 228.70736694335938
3531, 1228.840527266264, 1, 22.377699968001252, 592, 1502185,                                                 1000000, 16.94970703125, 224.2477569580078
3532, 976.7273637354374, 1, 23.96475783799906, 628, 1502813,                                                 1000000, 16.652616500854492, 222.03033447265625
3533, -3189.352123618126, 3, 10.959575692000726, 290, 1503103,                                                 1000000, 16.77215576171875, 225.0868682861328
3534, 2294.8039371669292, 1, 8.344833402999939, 210, 1503313,                                                 1000000, 17.18941307067871, 225.2873077392578
3535, -4886.642725586891, 3, 13.151445642999533, 348, 1503661,                                                 1000000, 16.42072296142578, 221.43630981445312
3536, 2401.5605133771896, 1, 4.114778094999565, 102, 1503763,                                                 1000000, 16.46484375, 222.23562622070312
3537, 723.1299268454313, 1, 15.769491314000334, 418, 1504181,                                                 1000000, 15.963735580444336, 224.9296112060547
3538, -3280.782727122307, 3, 12.736439221000182, 326, 1504507,                                                 1000000, 17.30044174194336, 223.0949249267578
3539, 1146.411529481411, 1, 12.152982693000013, 325, 1504832,                                                 1000000, 16.984968185424805, 224.25840759277344
3540, -3686.752566933632, 3, 14.944414155999766, 386, 1505218,                                                 1000000, 17.93852996826172, 220.78700256347656
3541, 2101.5542476922274, 1, 10.15352917599921, 267, 1505485,                                                 1000000, 17.07270050048828, 222.89732360839844
3542, 1949.9372498691082, 1, 11.533793263000916, 301, 1505786,                                                 1000000, 16.155744552612305, 223.77818298339844
3543, -2669.596718430519, 3, 5.142455417999372, 129, 1505915,                                                 1000000, 16.989192962646484, 222.60330200195312
3544, 2122.753912270069, 1, 7.322584659999848, 188, 1506103,                                                 1000000, 15.826982498168945, 223.3055877685547
3545, 1828.2225808352232, 1, 16.967009900999983, 448, 1506551,                                                 1000000, 15.759182929992676, 222.7418670654297
3546, 463.2017715871334, 1, 32.17842178899991, 851, 1507402,                                                 1000000, 16.088523864746094, 222.2045135498047
3547, 1342.0523336231709, 1, 22.7828181269997, 607, 1508009,                                                 1000000, 16.772825241088867, 223.10809326171875
3548, -3563.4885066747665, 2, 9.523541963999378, 247, 1508256,                                                 1000000, 17.51934814453125, 225.24998474121094
3549, 1978.2929265201092, 1, 14.14887530499982, 374, 1508630,                                                 1000000, 15.627765655517578, 223.33363342285156
3550, -3991.047769665718, 3, 13.734390202000213, 359, 1508989,                                                 1000000, 15.06226921081543, 222.8433074951172
3551, 1240.3098606467247, 1, 12.568385130000024, 328, 1509317,                                                 1000000, 16.530105590820312, 224.43617248535156
3552, -4459.921995580196, 2, 16.54090879099931, 434, 1509751,                                                 1000000, 16.779176712036133, 223.25030517578125
3553, 1635.724856853485, 1, 11.34099758299999, 302, 1510053,                                                 1000000, 16.28926658630371, 222.69415283203125
3554, 1417.3969152271748, 1, 11.332878273999086, 291, 1510344,                                                 1000000, 17.248146057128906, 223.0703125
3555, -20.755915492773056, 1, 20.991453020000336, 553, 1510897,                                                 1000000, 16.727312088012695, 222.29544067382812
3556, 2062.2999819219112, 1, 10.950863819000006, 277, 1511174,                                                 1000000, 17.031888961791992, 222.9495849609375
3557, 2138.0771996974945, 1, 11.14843926299909, 298, 1511472,                                                 1000000, 17.078475952148438, 224.59429931640625
3558, -2716.4815652370453, 2, 4.53196082300019, 110, 1511582,                                                 1000000, 16.100698471069336, 221.47557067871094
3559, 2292.1366990208626, 1, 8.32462903799933, 214, 1511796,                                                 1000000, 16.765775680541992, 223.7133331298828
3560, -4151.440637946129, 3, 14.359962659998928, 375, 1512171,                                                 1000000, 15.516619682312012, 221.3471221923828
3561, 1502.7586916387081, 1, 11.930147450999357, 307, 1512478,                                                 1000000, 16.32000160217285, 220.24160766601562
3562, 750.2209146618843, 1, 16.764142598000035, 442, 1512920,                                                 1000000, 16.361392974853516, 218.66409301757812
3563, 2209.353326678276, 1, 7.920762144000037, 204, 1513124,                                                 1000000, 16.977615356445312, 225.53521728515625
3564, -2795.287428021431, 2, 6.122269794999738, 154, 1513278,                                                 1000000, 16.720611572265625, 223.07513427734375
3565, -3118.4714265465736, 3, 10.357303253000282, 270, 1513548,                                                 1000000, 15.121360778808594, 224.46656799316406
3566, 1984.058527842164, 1, 13.755271818999972, 357, 1513905,                                                 1000000, 16.521896362304688, 223.17788696289062
3567, 604.5128689557314, 1, 28.981742992000363, 760, 1514665,                                                 1000000, 16.261884689331055, 222.50779724121094
3568, 1561.1458253264427, 1, 19.75913961200058, 516, 1515181,                                                 1000000, 16.213808059692383, 221.39816284179688
3569, 818.078473418951, 1, 10.126300849000472, 264, 1515445,                                                 1000000, 16.0679931640625, 222.79029846191406
3570, 582.2897644340992, 1, 22.762122041998737, 597, 1516042,                                                 1000000, 16.326282501220703, 219.75758361816406
3571, -2599.833688855171, 3, 5.346667955000157, 141, 1516183,                                                 1000000, 17.935537338256836, 224.53085327148438
3572, 1614.2077277898788, 1, 11.52965233500072, 294, 1516477,                                                 1000000, 16.55972671508789, 219.56068420410156
3573, 480.3462233543396, 1, 17.753586254000766, 460, 1516937,                                                 1000000, 16.69483757019043, 222.15855407714844
3574, 1950.2687404751778, 1, 9.333177788001194, 241, 1517178,                                                 1000000, 15.898381233215332, 221.66506958007812
3575, 1455.425429970026, 1, 12.956842195000718, 342, 1517520,                                                 1000000, 16.374958038330078, 225.01028442382812
3576, -3022.557952404022, 3, 5.916452396999375, 147, 1517667,                                                 1000000, 17.668415069580078, 226.15126037597656
3577, 2304.958526968956, 1, 8.324818688999585, 213, 1517880,                                                 1000000, 16.599071502685547, 223.47076416015625
3578, 1281.4251827597618, 1, 21.380329483999958, 559, 1518439,                                                 1000000, 16.490846633911133, 222.1221466064453
3579, 1589.5662941932678, 1, 12.330391041999974, 317, 1518756,                                                 1000000, 16.636465072631836, 220.9189910888672
3580, 298.1596865057945, 1, 25.77182723199985, 675, 1519431,                                                 1000000, 16.241750717163086, 222.4833984375
3581, 1296.3694681823254, 1, 18.75700419399982, 490, 1519921,                                                 1000000, 16.149980545043945, 222.7328643798828
3582, -3441.3991708755493, 3, 19.378063746999032, 500, 1520421,                                                 1000000, 15.834250450134277, 222.0731964111328
3583, -2651.2129343748093, 3, 9.529444260999298, 247, 1520668,                                                 1000000, 17.299285888671875, 222.2115020751953
3584, 2236.7389292418957, 1, 5.736284681999678, 147, 1520815,                                                 1000000, 16.10702896118164, 220.15475463867188
3585, 1362.0877073407173, 1, 7.720579627999541, 199, 1521014,                                                 1000000, 17.628206253051758, 226.85108947753906
3586, 702.1363543272018, 1, 22.98229036000157, 610, 1521624,                                                 1000000, 17.184614181518555, 219.36427307128906
3587, 1815.1416989862919, 1, 19.95838570199885, 520, 1522144,                                                 1000000, 15.620823860168457, 220.1854705810547
3588, -3850.408987879753, 2, 18.35171021199858, 480, 1522624,                                                 1000000, 16.2086181640625, 222.01734924316406
3589, -583.7420496344566, 5, 11.931103505001374, 311, 1522935,                                                 1000000, 16.755233764648438, 222.0782012939453
3590, 2153.119079530239, 1, 10.148221575000207, 263, 1523198,                                                 1000000, 16.623668670654297, 221.9289093017578
3591, -550.804076552391, 5, 5.517653057999269, 138, 1523336,                                                 1000000, 15.872930526733398, 222.02084350585938
3592, -428.7258167862892, 5, 8.928446603000339, 229, 1523565,                                                 1000000, 16.552610397338867, 224.8543701171875
3593, 2276.8537173122168, 1, 8.325335575000281, 218, 1523783,                                                 1000000, 15.398792266845703, 220.17897033691406
3594, -311.2343031167984, 5, 3.938257584999519, 102, 1523885,                                                 1000000, 17.041290283203125, 223.9207763671875
3595, -431.4089403748512, 5, 8.930416965000404, 235, 1524120,                                                 1000000, 16.322172164916992, 223.0415496826172
3596, 1858.6563460230827, 1, 11.75890057200013, 314, 1524434,                                                 1000000, 16.22235870361328, 220.32235717773438
3597, -366.81905376911163, 5, 5.516275158999633, 139, 1524573,                                                 1000000, 17.369840621948242, 226.1551971435547
3598, 2232.5191136300564, 1, 5.5328363989992795, 146, 1524719,                                                 1000000, 17.347942352294922, 219.0782928466797
3599, -317.54397451877594, 5, 7.122788683000181, 181, 1524900,                                                 1000000, 17.670366287231445, 225.39251708984375
3600, 2179.3763306438923, 1, 6.321908261999852, 161, 1525061,                                                 1000000, 16.387910842895508, 227.76690673828125
3601, -594.8338947296143, 5, 10.698430458000075, 275, 1525336,                                                 1000000, 17.089731216430664, 223.57020568847656
3602, -662.698898434639, 5, 14.374384253000244, 381, 1525717,                                                 1000000, 16.78445053100586, 220.07476806640625
3603, 2172.302592754364, 1, 8.145455406998735, 214, 1525931,                                                 1000000, 17.29843521118164, 219.59413146972656
3604, -468.60045325756073, 5, 7.31805265299954, 193, 1526124,                                                 1000000, 17.460113525390625, 220.35260009765625
3605, 2116.383695244789, 1, 7.5406606620017556, 197, 1526321,                                                 1000000, 17.11754608154297, 221.20574951171875
3606, -819.6589953303337, 5, 14.138390514001003, 372, 1526693,                                                 1000000, 16.927745819091797, 222.076171875
3607, 1886.0068771839142, 1, 14.948274787999253, 394, 1527087,                                                 1000000, 16.561376571655273, 221.55274963378906
3608, -394.77085852622986, 5, 5.740376937001201, 151, 1527238,                                                 1000000, 18.655593872070312, 222.5919952392578
3609, 2077.340074777603, 1, 11.130430273999082, 289, 1527527,                                                 1000000, 16.805356979370117, 222.9398956298828
