episode, reward, success, duration, steps, total_steps, memory length, avg_critic_loss, avg_actor_loss
1501, 2461.9180206656456, 1, 1.7655811310000047, 41, 625078,                                                 1000000, 15.950202941894531, 160.6056671142578
1502, 2045.6231235265732, 1, 10.132564294000005, 263, 625341,                                                 1000000, 14.619271278381348, 161.26190185546875
1503, 983.1505051255226, 1, 15.775879070000002, 422, 625763,                                                 1000000, 14.063680648803711, 161.67288208007812
1504, -6284.008081078529, 2, 28.794033329, 756, 626519,                                                 1000000, 13.604321479797363, 161.48077392578125
1505, 2361.064051747322, 1, 4.513972580000001, 112, 626631,                                                 1000000, 13.783541679382324, 163.168701171875
1506, -2695.213629722595, 2, 2.5257424859999844, 66, 626697,                                                 1000000, 13.381853103637695, 160.32022094726562
1507, -2784.429396867752, 2, 5.913610809000005, 148, 626845,                                                 1000000, 13.146045684814453, 161.6436004638672
1508, -6342.939761221409, 2, 18.166755886000004, 484, 627329,                                                 1000000, 13.222060203552246, 161.13954162597656
1509, 2304.539870083332, 1, 8.121425942999991, 209, 627538,                                                 1000000, 14.728779792785645, 162.00439453125
1510, 1368.7607730925083, 1, 18.970905885999997, 510, 628048,                                                 1000000, 13.058823585510254, 161.6170654296875
1511, -2827.4667224884033, 2, 6.116361608999995, 155, 628203,                                                 1000000, 14.020246505737305, 162.8819580078125
1512, 2363.842443585396, 1, 4.311524356000007, 109, 628312,                                                 1000000, 14.968483924865723, 162.98947143554688
1513, -2602.961691379547, 2, 2.9263548979999996, 79, 628391,                                                 1000000, 14.270904541015625, 160.24462890625
1514, 2260.1110110878944, 1, 8.135695580000004, 220, 628611,                                                 1000000, 13.218114852905273, 160.3949432373047
1515, -9285.32620048523, 2, 17.149006455000006, 454, 629065,                                                 1000000, 13.602665901184082, 161.363037109375
1516, -579.6306587457657, 1, 19.362381744000004, 521, 629586,                                                 1000000, 14.209737777709961, 161.24261474609375
1517, -2804.4368624687195, 2, 4.71155818699998, 119, 629705,                                                 1000000, 14.272831916809082, 160.6266632080078
1518, 1172.0989527106285, 1, 13.352927832999967, 358, 630063,                                                 1000000, 13.305695533752441, 161.3231658935547
1519, 716.2034950256348, 1, 18.34758969300003, 484, 630547,                                                 1000000, 14.291841506958008, 162.67152404785156
1520, -3221.254312515259, 2, 10.129653073999975, 266, 630813,                                                 1000000, 13.307682037353516, 161.3734130859375
1521, 974.8382030725479, 1, 16.370153964999986, 437, 631250,                                                 1000000, 13.79533863067627, 163.16183471679688
1522, 519.8857644200325, 1, 25.573557873000027, 688, 631938,                                                 1000000, 13.72000503540039, 161.48992919921875
1523, -5378.6458581388, 2, 23.764108016000023, 630, 632568,                                                 1000000, 13.638665199279785, 162.0966796875
1524, 1745.742183893919, 1, 11.954150689000016, 317, 632885,                                                 1000000, 14.62330436706543, 160.93753051757812
1525, 1634.013643115759, 1, 20.75698544400001, 554, 633439,                                                 1000000, 14.124350547790527, 162.36241149902344
1526, -6566.319560289383, 2, 19.556795595999972, 520, 633959,                                                 1000000, 13.3554048538208, 162.86448669433594
1527, 1532.4561105966568, 1, 15.763053516999946, 417, 634376,                                                 1000000, 13.578095436096191, 162.49655151367188
1528, -4065.435562968254, 2, 10.327794702000006, 269, 634645,                                                 1000000, 14.322786331176758, 162.2406463623047
1529, 2416.3931531608105, 1, 4.1345780460000015, 108, 634753,                                                 1000000, 14.761916160583496, 163.30772399902344
1530, 2232.477063834667, 1, 8.919949232000079, 227, 634980,                                                 1000000, 14.200757026672363, 162.23927307128906
1531, -2620.995183467865, 2, 4.738005491999957, 124, 635104,                                                 1000000, 14.05508041381836, 160.5446319580078
1532, -2645.949839055538, 2, 5.518113573999926, 141, 635245,                                                 1000000, 14.210078239440918, 160.8937530517578
1533, 1227.8435491919518, 1, 10.955572697999969, 290, 635535,                                                 1000000, 14.136263847351074, 163.7618408203125
1534, -2803.666760802269, 2, 5.935437828999966, 150, 635685,                                                 1000000, 14.081669807434082, 163.2021942138672
1535, -2801.0835156440735, 3, 10.358840201999897, 273, 635958,                                                 1000000, 13.45783519744873, 162.9840087890625
1536, -3939.40488165617, 2, 12.935628062000092, 336, 636294,                                                 1000000, 13.387666702270508, 161.88314819335938
1537, 2390.3183699846268, 1, 4.131742206000013, 107, 636401,                                                 1000000, 14.342288970947266, 164.5889129638672
1538, -2591.495435476303, 2, 2.9103353799999923, 71, 636472,                                                 1000000, 13.508296966552734, 161.10470581054688
1539, -2615.9707362651825, 2, 6.340913993999948, 165, 636637,                                                 1000000, 13.329994201660156, 160.89463806152344
1540, 2128.708475291729, 1, 6.320322615999999, 166, 636803,                                                 1000000, 13.60970401763916, 160.61630249023438
1541, -2516.7862191200256, 2, 2.3324236650000785, 59, 636862,                                                 1000000, 15.105013847351074, 159.43043518066406
1542, 2146.7679560780525, 1, 7.314221988000099, 187, 637049,                                                 1000000, 13.12272834777832, 160.4140625
1543, 1917.8559237718582, 1, 13.563028573999986, 363, 637412,                                                 1000000, 14.788214683532715, 161.77911376953125
1544, -6005.613340497017, 2, 8.923192004999919, 234, 637646,                                                 1000000, 12.702014923095703, 160.16554260253906
1545, -2648.146677851677, 3, 11.350733464000086, 289, 637935,                                                 1000000, 14.025860786437988, 161.58114624023438
1546, 2181.724737942219, 1, 6.314147661999982, 164, 638099,                                                 1000000, 13.478252410888672, 161.96823120117188
1547, 2019.4894899725914, 1, 11.733389825000017, 307, 638406,                                                 1000000, 13.294994354248047, 160.84396362304688
1548, -3395.1311218738556, 2, 20.77618123600007, 553, 638959,                                                 1000000, 12.736926078796387, 160.11581420898438
1549, -4825.840122759342, 3, 17.94611432900001, 475, 639434,                                                 1000000, 13.783309936523438, 161.47506713867188
1550, 2160.9891964793205, 1, 10.351113719999944, 277, 639711,                                                 1000000, 14.334288597106934, 162.20823669433594
1551, 799.4706134796143, 1, 24.585492289000058, 643, 640354,                                                 1000000, 13.810038566589355, 161.82261657714844
1552, -3470.2879297733307, 2, 23.383867173999988, 623, 640977,                                                 1000000, 13.309317588806152, 162.42562866210938
1553, -3497.7935042381287, 2, 14.758936488000018, 394, 641371,                                                 1000000, 14.446443557739258, 160.48818969726562
1554, -3368.8688848018646, 2, 5.915597616000014, 152, 641523,                                                 1000000, 13.603642463684082, 161.86508178710938
1555, 2174.383578181267, 1, 10.72766848799995, 275, 641798,                                                 1000000, 13.952552795410156, 160.2227783203125
1556, -4656.735768675804, 1, 47.04090619700003, 1262, 643060,                                                 1000000, 14.035272598266602, 161.14666748046875
1557, 1824.575824022293, 1, 16.948138137, 446, 643506,                                                 1000000, 13.802498817443848, 161.23721313476562
1558, 529.9346668422222, 1, 17.746474870000043, 469, 643975,                                                 1000000, 13.491866111755371, 160.38099670410156
1559, 1965.310310304165, 1, 9.545612763000008, 256, 644231,                                                 1000000, 13.944196701049805, 160.94419860839844
1560, 735.6979961395264, 1, 16.141162008000038, 424, 644655,                                                 1000000, 12.743104934692383, 159.14242553710938
1561, -5212.311967432499, 2, 23.56683098299993, 625, 645280,                                                 1000000, 13.290518760681152, 161.46319580078125
1562, 1208.2467148303986, 1, 13.939375152000025, 365, 645645,                                                 1000000, 12.9230318069458, 160.474365234375
1563, 2015.196756452322, 1, 12.155888172000004, 320, 645965,                                                 1000000, 13.66383171081543, 161.5555877685547
1564, 1213.0009900778532, 1, 21.9748814510001, 575, 646540,                                                 1000000, 14.420433044433594, 160.9903564453125
1565, 812.8982114195824, 1, 29.37753572400004, 783, 647323,                                                 1000000, 14.196523666381836, 161.1878204345703
1566, -2446.2838196754456, 3, 1.3292626349999637, 31, 647354,                                                 1000000, 11.321846008300781, 160.1043243408203
1567, -9313.977475821972, 2, 32.991378731000054, 879, 648233,                                                 1000000, 13.961004257202148, 159.50494384765625
1568, 1872.9491884708405, 1, 11.133411726000077, 289, 648522,                                                 1000000, 13.013993263244629, 160.2223663330078
1569, 1766.223198235035, 1, 8.725126047000003, 225, 648747,                                                 1000000, 13.814831733703613, 162.3893585205078
1570, 1697.85527703166, 1, 18.551587965999943, 490, 649237,                                                 1000000, 13.295003890991211, 159.76942443847656
1571, 1544.5400335341692, 1, 19.771395156999915, 531, 649768,                                                 1000000, 13.636331558227539, 160.0317840576172
1572, -3173.7657440900803, 2, 10.126674716000025, 264, 650032,                                                 1000000, 13.72754192352295, 159.53904724121094
1573, -4774.250995397568, 2, 24.38634394099995, 653, 650685,                                                 1000000, 13.308688163757324, 159.9580535888672
1574, -3218.385001540184, 2, 12.535594704000005, 326, 651011,                                                 1000000, 14.0807523727417, 159.90574645996094
1575, -2735.780968248844, 2, 7.3366861720001, 196, 651207,                                                 1000000, 13.06691837310791, 160.9779510498047
1576, 2174.8731324076653, 1, 9.522730263000085, 245, 651452,                                                 1000000, 15.133406639099121, 159.86953735351562
1577, 980.4850982427597, 1, 13.967990296999915, 373, 651825,                                                 1000000, 13.336709976196289, 160.3760986328125
1578, 1882.4803310632706, 1, 9.925290745999973, 261, 652086,                                                 1000000, 13.594347953796387, 159.80545043945312
1579, 217.63435679674149, 1, 16.74699816999987, 446, 652532,                                                 1000000, 13.462504386901855, 159.81011962890625
1580, -234.29520484805107, 1, 18.544607193000047, 492, 653024,                                                 1000000, 13.831138610839844, 161.12957763671875
1581, -13140.920226335526, 2, 19.57539726799996, 521, 653545,                                                 1000000, 13.635711669921875, 160.48046875
1582, 2066.687752664089, 1, 7.318912100999796, 186, 653731,                                                 1000000, 13.444682121276855, 159.4570770263672
1583, 1104.4466840922832, 1, 16.3611406739999, 436, 654167,                                                 1000000, 13.5120267868042, 159.51467895507812
1584, -3163.1937732696533, 2, 4.107162867999932, 106, 654273,                                                 1000000, 12.459137916564941, 161.7080841064453
1585, 2160.579327106476, 1, 5.929987186000062, 159, 654432,                                                 1000000, 14.453409194946289, 160.2610321044922
1586, -2707.6666927337646, 2, 4.3105001880001055, 108, 654540,                                                 1000000, 13.381117820739746, 160.71734619140625
1587, 1819.474740356207, 1, 13.766038907999928, 368, 654908,                                                 1000000, 13.930066108703613, 160.4280242919922
1588, -91.15510223805904, 1, 13.134678878999921, 347, 655255,                                                 1000000, 13.736123085021973, 159.9019317626953
1589, 932.8390403091908, 1, 17.75164595199999, 471, 655726,                                                 1000000, 13.621235847473145, 159.0017852783203
1590, 1841.4468012154102, 1, 15.977919834999966, 429, 656155,                                                 1000000, 14.125423431396484, 159.80902099609375
1591, -2922.193718135357, 2, 12.936767205000024, 338, 656493,                                                 1000000, 14.70804214477539, 159.65383911132812
1592, 2137.811156630516, 1, 6.132772090000117, 167, 656660,                                                 1000000, 12.99123764038086, 159.0321502685547
1593, -2861.106722533703, 3, 10.929193818000158, 282, 656942,                                                 1000000, 14.842108726501465, 160.42189025878906
1594, 2153.9598291516304, 1, 6.320357335000153, 160, 657102,                                                 1000000, 13.566232681274414, 159.65725708007812
1595, 1427.8372138142586, 1, 15.367258405999792, 410, 657512,                                                 1000000, 13.497305870056152, 159.93946838378906
1596, -2599.816915512085, 2, 3.9120128419999673, 97, 657609,                                                 1000000, 11.997632026672363, 156.88685607910156
1597, 2291.5664163827896, 1, 4.544848538999986, 121, 657730,                                                 1000000, 13.266160011291504, 158.53428649902344
1598, -3558.7714091539383, 2, 13.94456250899998, 364, 658094,                                                 1000000, 13.268943786621094, 160.25128173828125
1599, 2382.4403508901596, 1, 3.929385411999874, 104, 658198,                                                 1000000, 14.549605369567871, 158.77662658691406
1600, -3995.549312353134, 2, 8.120169025999985, 210, 658408,                                                 1000000, 13.60544204711914, 158.7979278564453
1601, 1369.5792027711868, 1, 12.39828402299986, 327, 658735,                                                 1000000, 15.066654205322266, 158.99432373046875
