episode, reward, success, duration, steps, total_steps, memory length, avg_critic_loss, avg_actor_loss
1601, 2329.103313446045, 1, 1.1621293309999885, 30, 658438,                                                 1000000, 16.48725700378418, 163.42515563964844
1602, -3106.688242971897, 3, 9.725210598000018, 245, 658683,                                                 1000000, 14.491701126098633, 158.87847900390625
1603, 1880.7184777855873, 1, 14.756145608999987, 410, 659093,                                                 1000000, 14.117490768432617, 159.87876892089844
1604, -9584.947619378567, 2, 24.964534689000004, 691, 659784,                                                 1000000, 14.168425559997559, 160.2123565673828
1605, 526.1578351855278, 1, 10.750557259000004, 296, 660080,                                                 1000000, 13.305643081665039, 158.69241333007812
1606, -4016.6317489743233, 2, 18.168137347000027, 496, 660576,                                                 1000000, 13.595987319946289, 158.58412170410156
1607, 2247.139477133751, 1, 8.525013402000013, 229, 660805,                                                 1000000, 13.449775695800781, 157.44772338867188
1608, 1239.3586674928665, 1, 24.765376511, 683, 661488,                                                 1000000, 13.742141723632812, 159.56683349609375
1609, 1877.856063887477, 1, 15.746623223999961, 406, 661894,                                                 1000000, 13.142855644226074, 158.92120361328125
1610, -1430.5225688666105, 1, 18.742978366999978, 495, 662389,                                                 1000000, 13.252851486206055, 158.19020080566406
1611, -2776.2033376693726, 2, 3.730611281999984, 104, 662493,                                                 1000000, 13.166131019592285, 157.69921875
1612, -2635.9370139837265, 2, 9.32443146899999, 259, 662752,                                                 1000000, 13.177416801452637, 160.4489288330078
1613, -2772.1507133841515, 2, 9.329975302000037, 244, 662996,                                                 1000000, 13.261922836303711, 160.31813049316406
1614, 1340.7224538326263, 1, 13.162964515999988, 332, 663328,                                                 1000000, 13.353073120117188, 158.02938842773438
1615, -4037.634859085083, 3, 18.350766438999983, 433, 663761,                                                 1000000, 14.504584312438965, 159.73606872558594
1616, 2370.6771436929703, 1, 4.515039653000031, 113, 663874,                                                 1000000, 16.068998336791992, 162.5141143798828
1617, -2807.3949471712112, 3, 6.352151676000005, 164, 664038,                                                 1000000, 14.926972389221191, 159.35711669921875
1618, 2325.732076689601, 1, 8.121715503000019, 192, 664230,                                                 1000000, 13.338088035583496, 158.5843963623047
1619, -932.2740180492401, 1, 28.377321788000017, 704, 664934,                                                 1000000, 14.079483032226562, 159.61868286132812
1620, 1187.6425609588623, 1, 17.74971804500001, 462, 665396,                                                 1000000, 13.016749382019043, 158.98699951171875
1621, -5634.570261955261, 2, 14.55909504999994, 406, 665802,                                                 1000000, 13.306736946105957, 158.59640502929688
1622, 2393.369255155325, 1, 4.312860912000019, 115, 665917,                                                 1000000, 13.350263595581055, 157.53355407714844
1623, -3512.3304176926613, 3, 5.936559848000002, 168, 666085,                                                 1000000, 13.391010284423828, 159.4403076171875
1624, 1479.7483608424664, 1, 17.55810459199995, 480, 666565,                                                 1000000, 14.232967376708984, 159.142578125
1625, 1789.428198337555, 1, 13.747415315000012, 384, 666949,                                                 1000000, 13.935040473937988, 159.3373565673828
1626, 1386.6345129013062, 1, 9.327171470999929, 256, 667205,                                                 1000000, 14.06350040435791, 159.496337890625
1627, 1438.9726876616478, 1, 10.945940514999961, 309, 667514,                                                 1000000, 13.790206909179688, 159.10791015625
1628, -1570.3300562798977, 1, 30.002638982999997, 797, 668311,                                                 1000000, 13.679647445678711, 157.95774841308594
1629, 1472.8993150740862, 1, 24.364368180000042, 583, 668894,                                                 1000000, 13.974750518798828, 159.60719299316406
1630, -351.47156396508217, 1, 28.977338581000026, 810, 669704,                                                 1000000, 13.531099319458008, 159.77203369140625
1631, -2812.4065165519714, 2, 8.925542040999972, 243, 669947,                                                 1000000, 13.688998222351074, 160.37420654296875
1632, -3114.4602640867233, 3, 11.143149598000036, 310, 670257,                                                 1000000, 14.042107582092285, 159.85415649414062
1633, 2078.6886065602303, 1, 10.530483457999935, 288, 670545,                                                 1000000, 13.681264877319336, 157.16102600097656
1634, 330.63446751236916, 1, 16.94274620400006, 477, 671022,                                                 1000000, 13.302733421325684, 160.2673797607422
1635, -9177.916627526283, 2, 40.82081312599996, 1146, 672168,                                                 1000000, 13.466315269470215, 158.9876251220703
1636, 2181.694970548153, 1, 9.523719767999978, 264, 672432,                                                 1000000, 14.201818466186523, 158.6893768310547
1637, -1560.4225787073374, 1, 29.171880574999932, 818, 673250,                                                 1000000, 13.3743257522583, 158.68553161621094
1638, -3736.8076939582825, 3, 21.179241124999976, 601, 673851,                                                 1000000, 13.104507446289062, 159.2906951904297
1639, 2235.916050106287, 1, 5.51828702499995, 146, 673997,                                                 1000000, 13.64809513092041, 157.20736694335938
1640, 2015.187206953764, 1, 8.525409000999957, 238, 674235,                                                 1000000, 12.785609245300293, 159.31565856933594
1641, 2094.3110459446907, 1, 12.332161325000015, 336, 674571,                                                 1000000, 13.84980297088623, 158.98220825195312
1642, -4793.727249860764, 2, 4.921038013999919, 132, 674703,                                                 1000000, 13.370782852172852, 158.02691650390625
1643, 1644.1906425952911, 1, 12.764653350000003, 362, 675065,                                                 1000000, 13.126519203186035, 159.13949584960938
1644, 1107.2317304611206, 1, 20.345575898999982, 568, 675633,                                                 1000000, 13.297094345092773, 159.39588928222656
1645, -4764.223123073578, 3, 11.741794210999956, 324, 675957,                                                 1000000, 13.928723335266113, 159.87652587890625
1646, -2498.507901132107, 1, 45.82060596300005, 1286, 677243,                                                 1000000, 13.968505859375, 159.02581787109375
1647, -9218.172408282757, 2, 16.750100341000007, 465, 677708,                                                 1000000, 14.508679389953613, 159.00347900390625
1648, -2639.105725109577, 3, 9.328290728999946, 254, 677962,                                                 1000000, 13.327159881591797, 158.68975830078125
1649, 2030.613069921732, 1, 11.946047947000011, 336, 678298,                                                 1000000, 14.04919719696045, 160.7836456298828
1650, 1124.4480383992195, 1, 22.357451448999996, 615, 678913,                                                 1000000, 13.579838752746582, 159.44003295898438
1651, -5249.285624861717, 3, 19.381287735000114, 536, 679449,                                                 1000000, 13.47598934173584, 159.4454803466797
1652, 1850.1203486919403, 1, 11.127521269999988, 305, 679754,                                                 1000000, 13.714531898498535, 160.72117614746094
1653, 1034.2151413559914, 1, 20.35937697999998, 560, 680314,                                                 1000000, 14.171380043029785, 159.9634552001953
1654, -3686.4745893478394, 2, 5.318353243000047, 138, 680452,                                                 1000000, 13.190415382385254, 160.2559356689453
1655, 2070.997554630041, 1, 10.13225207000005, 275, 680727,                                                 1000000, 13.26469612121582, 160.0930633544922
1656, 1573.421353071928, 1, 13.5589463660001, 369, 681096,                                                 1000000, 14.137674331665039, 161.41537475585938
1657, -2072.2262377738953, 1, 23.164613373999828, 627, 681723,                                                 1000000, 12.738027572631836, 159.45118713378906
1658, -462.38256031274796, 1, 13.765273066999953, 372, 682095,                                                 1000000, 13.171104431152344, 160.28245544433594
1659, 246.89530473947525, 1, 16.93991708900012, 464, 682559,                                                 1000000, 14.17638111114502, 160.33424377441406
1660, 2036.1762781739235, 1, 9.143064156000037, 251, 682810,                                                 1000000, 13.40502643585205, 160.40733337402344
1661, -3314.580412864685, 1, 37.59482816600007, 1028, 683838,                                                 1000000, 13.328887939453125, 160.60696411132812
1662, 55.52172839641571, 1, 28.170389560000103, 778, 684616,                                                 1000000, 13.6422119140625, 161.7024383544922
1663, -207.2442102432251, 1, 15.36546850600007, 420, 685036,                                                 1000000, 13.344785690307617, 161.91273498535156
1664, -3658.8612842559814, 2, 14.342930689000013, 393, 685429,                                                 1000000, 14.601370811462402, 161.65093994140625
1665, 2017.2809844911098, 1, 12.736946138999883, 349, 685778,                                                 1000000, 14.208008766174316, 161.69259643554688
1666, 1184.0431598722935, 1, 21.17038064999997, 583, 686361,                                                 1000000, 14.682332038879395, 161.8829345703125
1667, -4021.2503148317337, 3, 13.754021532000024, 380, 686741,                                                 1000000, 14.30179214477539, 161.26759338378906
1668, 1582.7119898200035, 1, 14.733532267999863, 402, 687143,                                                 1000000, 13.234444618225098, 160.55679321289062
1669, 1934.0285042524338, 1, 10.95328091400006, 305, 687448,                                                 1000000, 13.6937255859375, 159.89645385742188
1670, 1757.9266592264175, 1, 10.327565794000066, 278, 687726,                                                 1000000, 13.888821601867676, 159.8726043701172
1671, 383.86563581228256, 1, 17.57881016700003, 488, 688214,                                                 1000000, 13.997474670410156, 161.12234497070312
1672, -7501.036394834518, 2, 30.176872701000093, 831, 689045,                                                 1000000, 13.151311874389648, 160.5271759033203
1673, -2623.1971140503883, 2, 5.94039105700017, 164, 689209,                                                 1000000, 14.02827262878418, 160.68829345703125
1674, 348.8796359747648, 1, 21.956081293999887, 608, 689817,                                                 1000000, 13.595776557922363, 162.2564697265625
1675, 894.1838161125779, 1, 23.358046130000048, 644, 690461,                                                 1000000, 13.748270034790039, 162.5517120361328
1676, 1271.9909012913704, 1, 24.789936850000004, 690, 691151,                                                 1000000, 13.67681884765625, 162.89918518066406
1677, 1486.7974874973297, 1, 23.37191929200003, 634, 691785,                                                 1000000, 14.259800910949707, 162.28126525878906
1678, 1950.2119435071945, 1, 13.735195590999865, 368, 692153,                                                 1000000, 13.782027244567871, 162.2838134765625
1679, 1742.7564164102077, 1, 20.152737119999983, 550, 692703,                                                 1000000, 14.146820068359375, 162.36013793945312
1680, -4386.896319150925, 2, 6.119553903999986, 163, 692866,                                                 1000000, 15.019087791442871, 163.72686767578125
1681, 2103.7766723036766, 1, 11.342215569000018, 312, 693178,                                                 1000000, 13.338943481445312, 161.890625
1682, 41.65705421566963, 1, 25.57371514600004, 699, 693877,                                                 1000000, 14.143588066101074, 161.7294921875
1683, -2894.476835012436, 2, 2.912802554999871, 75, 693952,                                                 1000000, 14.381467819213867, 161.95086669921875
1684, -7055.754307150841, 3, 25.76928642400003, 711, 694663,                                                 1000000, 13.647007942199707, 161.4064178466797
1685, 2150.102791622281, 1, 10.12715378400003, 276, 694939,                                                 1000000, 14.101529121398926, 161.81011962890625
1686, -4568.995968818665, 3, 9.329650899999933, 249, 695188,                                                 1000000, 13.717830657958984, 162.24111938476562
1687, 2144.917200744152, 1, 8.145396658000209, 209, 695397,                                                 1000000, 12.840157508850098, 162.3745880126953
1688, -4734.908552527428, 2, 8.922343672999887, 236, 695633,                                                 1000000, 13.229607582092285, 161.98089599609375
1689, -3263.3045228123665, 3, 11.551268199000106, 316, 695949,                                                 1000000, 13.555282592773438, 161.51382446289062
1690, 1935.906114846468, 1, 13.941254092000008, 380, 696329,                                                 1000000, 14.397170066833496, 162.33090209960938
1691, 1475.9737079143524, 1, 10.728624468000135, 288, 696617,                                                 1000000, 13.158945083618164, 162.6552734375
1692, 2116.6926044225693, 1, 9.759133973999951, 261, 696878,                                                 1000000, 13.087389945983887, 161.2554473876953
1693, -3618.794762969017, 3, 15.74291289200005, 432, 697310,                                                 1000000, 15.082544326782227, 162.94638061523438
1694, 2349.949141561985, 1, 7.945937686999969, 217, 697527,                                                 1000000, 13.273409843444824, 161.68333435058594
1695, 1588.6698850989342, 1, 16.54269449100002, 457, 697984,                                                 1000000, 13.735372543334961, 162.78358459472656
1696, -3976.7458811998367, 2, 19.769163267000067, 551, 698535,                                                 1000000, 13.848664283752441, 162.86868286132812
1697, 2182.726462930441, 1, 10.324127070000031, 279, 698814,                                                 1000000, 13.39506721496582, 164.38723754882812
1698, -406.5669030547142, 1, 16.9424305, 462, 699276,                                                 1000000, 14.096399307250977, 161.40155029296875
1699, -3628.463070780039, 1, 31.97476918899997, 873, 700149,                                                 1000000, 13.991337776184082, 162.5443878173828
1700, -836.0648427009583, 1, 32.585971237999956, 908, 701057,                                                 1000000, 13.827301025390625, 163.89291381835938
1701, -3561.0328575968742, 3, 12.844340374000012, 366, 701423,                                                 1000000, 13.654926300048828, 164.09921264648438
1702, 1571.1872517466545, 1, 17.350592432999974, 485, 701908,                                                 1000000, 14.119720458984375, 163.3192596435547
1703, -4019.967173099518, 3, 23.56695571099999, 658, 702566,                                                 1000000, 14.2315034866333, 162.37364196777344
1704, 2173.3758115172386, 1, 10.14983409499996, 286, 702852,                                                 1000000, 14.825813293457031, 164.6068572998047
1705, 1017.3764943778515, 1, 23.386223684000015, 650, 703502,                                                 1000000, 14.429214477539062, 164.4132080078125
1706, -3178.538675069809, 2, 10.535961536999821, 277, 703779,                                                 1000000, 13.62248420715332, 164.1700439453125
1707, -2718.1940211951733, 2, 10.151067609999927, 271, 704050,                                                 1000000, 13.837944984436035, 164.09738159179688
1708, 649.9257957041264, 1, 16.742182126000216, 460, 704510,                                                 1000000, 13.763729095458984, 162.78570556640625
1709, 1186.9105727672577, 1, 12.749347697000076, 350, 704860,                                                 1000000, 13.464431762695312, 164.84043884277344
1710, -3215.6847121715546, 2, 4.5128925209999124, 118, 704978,                                                 1000000, 13.38851261138916, 162.3250274658203
1711, 2380.156682550907, 1, 4.539659646000018, 112, 705090,                                                 1000000, 13.688363075256348, 164.38487243652344
1712, -2640.756022453308, 2, 2.70826871700001, 69, 705159,                                                 1000000, 12.097711563110352, 163.96141052246094
1713, -3917.5773173570633, 2, 9.32610048100014, 256, 705415,                                                 1000000, 14.512245178222656, 163.18658447265625
1714, 2153.425289720297, 1, 5.921152475000099, 154, 705569,                                                 1000000, 14.807823181152344, 162.99899291992188
1715, -3206.27565908432, 2, 5.135689728999978, 141, 705710,                                                 1000000, 14.593807220458984, 162.8704833984375
1716, 2010.2676707208157, 1, 8.72026723199997, 237, 705947,                                                 1000000, 14.017229080200195, 161.90658569335938
1717, -3276.7769115269184, 1, 34.00888674499993, 949, 706896,                                                 1000000, 14.233920097351074, 163.02166748046875
1718, -1173.1217302680016, 1, 30.37618671700011, 837, 707733,                                                 1000000, 14.403107643127441, 163.59982299804688
1719, 110.1461610198021, 1, 22.986608952000097, 639, 708372,                                                 1000000, 13.69035816192627, 164.4470672607422
1720, -3084.7678122520447, 2, 8.321231976000036, 227, 708599,                                                 1000000, 13.673567771911621, 165.47067260742188
1721, -4098.270456314087, 2, 12.33459231400002, 336, 708935,                                                 1000000, 14.312389373779297, 164.2146453857422
1722, 1149.3290392160416, 1, 12.133246645999861, 331, 709266,                                                 1000000, 14.533002853393555, 164.95321655273438
1723, 1681.3370594382286, 1, 14.937678983999831, 412, 709678,                                                 1000000, 14.374013900756836, 164.0220184326172
1724, 876.3444038033485, 1, 18.17339557499963, 503, 710181,                                                 1000000, 14.520079612731934, 164.9646453857422
1725, 1066.8572225868702, 1, 24.966929521999646, 669, 710850,                                                 1000000, 13.875894546508789, 165.20443725585938
1726, 872.7753107845783, 1, 18.96948830099973, 521, 711371,                                                 1000000, 13.880693435668945, 164.68138122558594
1727, 350.5391885638237, 1, 25.566081107000173, 684, 712055,                                                 1000000, 14.206808090209961, 164.62786865234375
1728, -12108.251640945673, 2, 37.21731246800027, 1034, 713089,                                                 1000000, 14.206317901611328, 164.35992431640625
1729, 1339.1270662248135, 1, 13.33507577499995, 364, 713453,                                                 1000000, 14.424901008605957, 165.0602264404297
1730, -16816.336298823357, 2, 49.035105747000216, 1369, 714822,                                                 1000000, 14.284387588500977, 164.4632568359375
1731, -2686.4025188684464, 2, 5.721858288000021, 150, 714972,                                                 1000000, 15.139001846313477, 165.437255859375
1732, 1148.446472465992, 1, 13.135477405000074, 362, 715334,                                                 1000000, 13.87033462524414, 165.12612915039062
1733, -3248.2758337259293, 2, 5.720164017000116, 152, 715486,                                                 1000000, 13.852273941040039, 165.91845703125
1734, -2704.6866154670715, 2, 7.123913937999987, 195, 715681,                                                 1000000, 13.699803352355957, 166.05006408691406
1735, -12360.788275003433, 2, 30.386156631000176, 842, 716523,                                                 1000000, 13.999738693237305, 165.2098846435547
1736, 2412.875408321619, 1, 4.310907387000043, 115, 716638,                                                 1000000, 15.493678092956543, 167.1852569580078
1737, -1819.944136351347, 1, 30.982122035999964, 856, 717494,                                                 1000000, 14.24614143371582, 165.2654266357422
1738, -539.0547802746296, 1, 20.172456999999667, 563, 718057,                                                 1000000, 14.513960838317871, 164.89254760742188
1739, -3064.143003463745, 2, 4.111739829000271, 107, 718164,                                                 1000000, 12.210593223571777, 164.05909729003906
1740, 2041.207727074623, 1, 9.951140986000155, 275, 718439,                                                 1000000, 14.243918418884277, 165.33294677734375
1741, 792.3104593157768, 1, 20.758127920000334, 573, 719012,                                                 1000000, 14.213231086730957, 164.71279907226562
1742, 2223.3763313889503, 1, 9.123899565000102, 249, 719261,                                                 1000000, 13.558691024780273, 164.91171264648438
1743, 2230.630698263645, 1, 9.126503008999862, 252, 719513,                                                 1000000, 15.436856269836426, 164.98695373535156
1744, -3677.6632319688797, 2, 9.124664537000172, 248, 719761,                                                 1000000, 13.80708122253418, 165.47235107421875
1745, -10589.476559877396, 2, 25.591350817000148, 722, 720483,                                                 1000000, 13.836627006530762, 164.5823211669922
1746, 2158.209510266781, 1, 5.717041755999617, 152, 720635,                                                 1000000, 15.354886054992676, 163.04971313476562
1747, 1986.947662293911, 1, 11.131187960999796, 308, 720943,                                                 1000000, 13.252979278564453, 164.24490356445312
1748, -3944.3049228191376, 3, 12.155855337000048, 340, 721283,                                                 1000000, 15.19364070892334, 164.64682006835938
1749, -2525.241600692272, 2, 5.314798990999861, 138, 721421,                                                 1000000, 12.728178977966309, 165.57249450683594
1750, -3197.598515152931, 2, 11.15012734100037, 297, 721718,                                                 1000000, 13.854666709899902, 166.04336547851562
1751, 1220.9096155166626, 1, 11.331615478999993, 312, 722030,                                                 1000000, 14.396574020385742, 163.18516540527344
1752, -3859.2366876602173, 2, 10.750712161000138, 301, 722331,                                                 1000000, 14.325091361999512, 165.88819885253906
1753, 1517.4001699388027, 1, 10.128664215999834, 278, 722609,                                                 1000000, 13.201762199401855, 165.6051483154297
1754, -3288.727436840534, 2, 9.726968382999985, 259, 722868,                                                 1000000, 13.70120906829834, 167.03359985351562
1755, 152.4277074933052, 1, 15.76182900699996, 438, 723306,                                                 1000000, 13.95926284790039, 166.22747802734375
1756, -4212.167015910149, 2, 6.716475190999972, 180, 723486,                                                 1000000, 15.54763412475586, 163.94557189941406
1757, 2073.860768675804, 1, 10.332423310000195, 282, 723768,                                                 1000000, 14.118687629699707, 165.63352966308594
1758, -5718.759918272495, 3, 33.785389357999975, 927, 724695,                                                 1000000, 14.735106468200684, 165.4261932373047
1759, 2115.4058644920588, 1, 10.52823411899999, 286, 724981,                                                 1000000, 13.884732246398926, 164.9485626220703
1760, 754.1777378320694, 1, 13.737204001999999, 377, 725358,                                                 1000000, 13.770033836364746, 165.63400268554688
1761, -6239.546809494495, 2, 27.79515180599992, 774, 726132,                                                 1000000, 13.615133285522461, 164.4407196044922
1762, 1933.0189160704613, 1, 8.921045470000081, 240, 726372,                                                 1000000, 14.629565238952637, 166.77761840820312
1763, 1412.6559964418411, 1, 12.14869618900002, 336, 726708,                                                 1000000, 14.168584823608398, 165.6932373046875
1764, 1890.9754884839058, 1, 11.93635197399999, 326, 727034,                                                 1000000, 13.224223136901855, 167.4337158203125
1765, -3055.8862320780754, 2, 8.543324618000042, 233, 727267,                                                 1000000, 13.921671867370605, 166.33425903320312
1766, 155.82568562030792, 1, 14.540295492000041, 393, 727660,                                                 1000000, 14.148999214172363, 164.88082885742188
1767, -3737.6246878504753, 2, 10.129027710000173, 278, 727938,                                                 1000000, 12.65780258178711, 167.30885314941406
1768, -5891.80058580637, 4, 50.040877763000026, 1398, 729336,                                                 1000000, 13.804634094238281, 165.95944213867188
1769, 2161.562445729971, 1, 10.126853412999935, 280, 729616,                                                 1000000, 14.658567428588867, 167.03411865234375
1770, -2740.0193190574646, 2, 2.3261725329998626, 50, 729666,                                                 1000000, 13.6895751953125, 164.02896118164062
1771, -2855.402077496052, 3, 9.526236462999805, 260, 729926,                                                 1000000, 14.37702465057373, 166.9049530029297
1772, 2354.185923099518, 1, 4.330889886000023, 120, 730046,                                                 1000000, 14.916949272155762, 164.5940399169922
1773, -2838.4804243445396, 3, 11.13300157399999, 307, 730353,                                                 1000000, 13.7576265335083, 166.6827392578125
1774, 1908.7996826767921, 1, 11.359490825000194, 318, 730671,                                                 1000000, 15.315237998962402, 166.60928344726562
1775, 1573.748783543706, 1, 22.574041618000138, 617, 731288,                                                 1000000, 14.574028968811035, 168.02020263671875
1776, 755.22084030509, 1, 25.594146372999603, 712, 732000,                                                 1000000, 15.093860626220703, 166.74928283691406
1777, -7004.267095506191, 2, 24.363036921999992, 670, 732670,                                                 1000000, 14.031356811523438, 165.93594360351562
1778, 2162.710142314434, 1, 7.7205214049999995, 208, 732878,                                                 1000000, 13.980348587036133, 167.43795776367188
1779, 1849.8704894781113, 1, 11.1473642320002, 308, 733186,                                                 1000000, 14.782510757446289, 166.34957885742188
1780, -1867.4610168337822, 1, 26.969494956999824, 753, 733939,                                                 1000000, 14.071233749389648, 166.7993621826172
1781, -4350.457457661629, 2, 11.334329031999914, 312, 734251,                                                 1000000, 13.819448471069336, 165.4301300048828
1782, -2576.2021102309227, 3, 8.92925255199998, 241, 734492,                                                 1000000, 13.95441722869873, 167.70236206054688
1783, -1620.1089033186436, 1, 37.81320348400004, 1046, 735538,                                                 1000000, 13.72658634185791, 166.50173950195312
1784, -2847.923974752426, 2, 8.937791984000341, 241, 735779,                                                 1000000, 14.703828811645508, 165.330810546875
1785, 817.5551118254662, 1, 15.938510079000025, 444, 736223,                                                 1000000, 13.451720237731934, 166.23841857910156
1786, 1667.0768332779408, 1, 8.141954899000211, 235, 736458,                                                 1000000, 12.912859916687012, 166.7619171142578
1787, 1490.415792658925, 1, 21.980787054999837, 616, 737074,                                                 1000000, 15.150338172912598, 166.1083221435547
1788, 1464.5012387037277, 1, 22.58168326299983, 626, 737700,                                                 1000000, 14.202067375183105, 166.20562744140625
1789, -1142.76884560287, 1, 34.39764922800032, 980, 738680,                                                 1000000, 14.310890197753906, 167.70018005371094
1790, 484.7014175802469, 1, 18.174927604000004, 522, 739202,                                                 1000000, 13.218092918395996, 165.44223022460938
1791, -2696.6458241939545, 2, 5.133195264000278, 129, 739331,                                                 1000000, 15.84804916381836, 166.53082275390625
1792, 2097.370885282755, 1, 11.152163682999799, 319, 739650,                                                 1000000, 14.192048072814941, 166.97702026367188
1793, -327.4994444102049, 1, 28.197014644999854, 799, 740449,                                                 1000000, 14.267989158630371, 167.67681884765625
1794, -1215.528945028782, 1, 25.7876977169999, 734, 741183,                                                 1000000, 14.358778953552246, 167.4488525390625
1795, -5150.225493550301, 2, 16.54371286300011, 468, 741651,                                                 1000000, 14.73686695098877, 169.59072875976562
1796, 2168.0886250138283, 1, 5.935650032000012, 169, 741820,                                                 1000000, 14.504456520080566, 169.69189453125
1797, -2852.7944516539574, 3, 10.52740895199986, 293, 742113,                                                 1000000, 14.002456665039062, 167.0406951904297
1798, 1121.6966843307018, 1, 23.367181036000147, 663, 742776,                                                 1000000, 14.097434043884277, 166.60455322265625
1799, 1947.8259137868881, 1, 13.53854722799997, 382, 743158,                                                 1000000, 14.820698738098145, 168.34828186035156
1800, 1547.9370108246803, 1, 11.336415723999835, 321, 743479,                                                 1000000, 14.791054725646973, 168.64732360839844
1801, 252.27246423065662, 1, 21.543343663000087, 613, 744092,                                                 1000000, 14.807502746582031, 168.03530883789062
1802, 1651.5050415992737, 1, 10.933230200999787, 304, 744396,                                                 1000000, 13.896267890930176, 166.46377563476562
1803, 1111.9563482403755, 1, 15.74770806100014, 442, 744838,                                                 1000000, 15.075033187866211, 168.81884765625
1804, 1955.496713578701, 1, 11.529288048000126, 325, 745163,                                                 1000000, 14.178389549255371, 168.89083862304688
1805, -5416.074960529804, 2, 18.153785796999728, 509, 745672,                                                 1000000, 14.803427696228027, 168.7649688720703
1806, 2097.068535387516, 1, 7.924919630000204, 217, 745889,                                                 1000000, 14.558706283569336, 168.4720916748047
1807, 2114.4174515604973, 1, 9.141711907999706, 261, 746150,                                                 1000000, 15.300199508666992, 171.40936279296875
1808, 710.7200499176979, 1, 28.766588435999893, 811, 746961,                                                 1000000, 14.776211738586426, 169.59375
1809, 1698.4033261537552, 1, 19.145270081000035, 538, 747499,                                                 1000000, 14.962544441223145, 168.05532836914062
1810, 413.58704048395157, 1, 26.7717835630001, 754, 748253,                                                 1000000, 14.596163749694824, 169.4064178466797
1811, -10327.223070323467, 2, 21.381425302000025, 603, 748856,                                                 1000000, 14.540016174316406, 170.09811401367188
1812, 1925.0391770601273, 1, 8.920067724000091, 247, 749103,                                                 1000000, 14.27379322052002, 169.9803466796875
1813, -16426.03613549471, 2, 42.80346285900032, 1224, 750327,                                                 1000000, 14.666170120239258, 170.71737670898438
1814, 2413.7558914124966, 1, 4.311361545000182, 117, 750444,                                                 1000000, 14.710542678833008, 170.3738250732422
1815, 1161.6167384386063, 1, 12.738587617000121, 353, 750797,                                                 1000000, 13.908485412597656, 169.89466857910156
1816, -2686.4664437770844, 3, 4.932524346000264, 143, 750940,                                                 1000000, 15.167828559875488, 173.96897888183594
1817, 886.0140030682087, 1, 21.75012781400028, 604, 751544,                                                 1000000, 14.911249160766602, 171.34913635253906
1818, -3191.7686862945557, 3, 13.953874430999804, 391, 751935,                                                 1000000, 15.055604934692383, 171.13092041015625
1819, -10157.68734073639, 2, 32.3869075130001, 918, 752853,                                                 1000000, 14.852508544921875, 170.81585693359375
1820, 2169.1019960194826, 1, 10.934584862000065, 305, 753158,                                                 1000000, 13.793254852294922, 169.9905548095703
1821, -9789.320731431246, 2, 35.58864270799995, 1003, 754161,                                                 1000000, 14.536693572998047, 170.7458038330078
1822, -4748.854404866695, 2, 11.351713941000071, 322, 754483,                                                 1000000, 14.86318588256836, 169.1320037841797
1823, 2362.128658950329, 1, 4.309200411000347, 114, 754597,                                                 1000000, 13.306734085083008, 170.23385620117188
1824, -5176.2484719753265, 3, 15.34324332999995, 430, 755027,                                                 1000000, 14.681580543518066, 170.4168243408203
1825, 2033.435655117035, 1, 6.718860761999622, 182, 755209,                                                 1000000, 14.453752517700195, 171.5569305419922
1826, -6350.699992954731, 2, 25.208172741, 726, 755935,                                                 1000000, 14.746790885925293, 170.69326782226562
1827, -7048.208566188812, 2, 16.542568701000164, 463, 756398,                                                 1000000, 13.793655395507812, 172.1803436279297
1828, -5311.03143620491, 2, 34.9939550969998, 988, 757386,                                                 1000000, 15.120549201965332, 171.9302520751953
1829, -2628.9721606969833, 2, 7.521415285999865, 204, 757590,                                                 1000000, 15.732467651367188, 171.8979949951172
1830, 2184.5962861180305, 1, 6.333004014999915, 180, 757770,                                                 1000000, 14.693154335021973, 170.61434936523438
1831, 1949.5400618761778, 1, 11.52841521900018, 316, 758086,                                                 1000000, 15.170598983764648, 172.46839904785156
1832, -2754.5158348083496, 3, 1.3059365199997046, 30, 758116,                                                 1000000, 12.259943962097168, 175.83535766601562
1833, 1969.8329840898514, 1, 9.927070383999762, 272, 758388,                                                 1000000, 13.788551330566406, 171.3234100341797
1834, 1747.9289480149746, 1, 10.345639778000077, 290, 758678,                                                 1000000, 15.696612358093262, 174.29571533203125
1835, 1761.0011735856533, 1, 13.536463875000209, 376, 759054,                                                 1000000, 14.137069702148438, 171.25416564941406
1836, -3457.6166182160378, 2, 15.544464859000072, 433, 759487,                                                 1000000, 15.559924125671387, 172.88726806640625
1837, 2144.816422134638, 1, 10.728896386000088, 295, 759782,                                                 1000000, 15.129937171936035, 172.3424530029297
1838, -4429.181613445282, 2, 9.933015586999772, 278, 760060,                                                 1000000, 14.439523696899414, 172.83595275878906
1839, -9859.702449202538, 2, 29.377762033999716, 830, 760890,                                                 1000000, 14.586470603942871, 172.5070037841797
1840, -11.388864278793335, 1, 18.573538053999982, 531, 761421,                                                 1000000, 14.54741096496582, 174.3666229248047
1841, 1621.3344140648842, 1, 22.957534071000737, 644, 762065,                                                 1000000, 14.982882499694824, 173.13633728027344
1842, 1184.1206419467926, 1, 13.743242880999787, 384, 762449,                                                 1000000, 15.33362865447998, 171.93809509277344
1843, -3471.9100919365883, 2, 23.56082509999942, 667, 763116,                                                 1000000, 14.393481254577637, 172.7712860107422
1844, 1116.823175355792, 1, 13.537065114000143, 377, 763493,                                                 1000000, 14.99449634552002, 171.49940490722656
1845, -9143.998567223549, 2, 26.181691695000154, 756, 764249,                                                 1000000, 14.230752944946289, 172.83221435546875
1846, 1382.3992483019829, 1, 18.74468900699958, 528, 764777,                                                 1000000, 14.760990142822266, 174.05972290039062
1847, -3150.0186734199524, 2, 12.147918843000298, 341, 765118,                                                 1000000, 16.14845848083496, 174.96060180664062
1848, 1360.4927687346935, 1, 10.325476580999748, 285, 765403,                                                 1000000, 15.754992485046387, 174.0072479248047
1849, -5947.9244393110275, 2, 18.57160519699937, 505, 765908,                                                 1000000, 14.599517822265625, 173.7939910888672
1850, 1703.1868055462837, 1, 9.943569322000258, 277, 766185,                                                 1000000, 15.008279800415039, 175.43040466308594
1851, -375.046620041132, 1, 27.771309262000614, 768, 766953,                                                 1000000, 14.680359840393066, 173.5215606689453
1852, 1446.8378392457962, 1, 14.150744081999619, 395, 767348,                                                 1000000, 15.324368476867676, 174.25852966308594
1853, 1331.0276116728783, 1, 15.744649778000166, 435, 767783,                                                 1000000, 14.925043106079102, 173.72459411621094
1854, -878.9906301051378, 1, 27.567380657000285, 771, 768554,                                                 1000000, 15.24223804473877, 173.78627014160156
1855, 1889.5295323431492, 1, 9.124161850000746, 247, 768801,                                                 1000000, 15.109758377075195, 173.2948455810547
1856, 2032.4833033382893, 1, 11.125892559999556, 308, 769109,                                                 1000000, 14.668031692504883, 171.93954467773438
1857, 328.92848014831543, 1, 20.382441095000104, 571, 769680,                                                 1000000, 14.601102828979492, 174.98838806152344
1858, 1997.8946448862553, 1, 10.124832792000234, 280, 769960,                                                 1000000, 15.965173721313477, 174.64080810546875
1859, 572.8640844672918, 1, 21.577582623000126, 605, 770565,                                                 1000000, 14.897173881530762, 177.28274536132812
1860, -258.3667280077934, 1, 24.57505284800027, 701, 771266,                                                 1000000, 14.762383460998535, 175.2491455078125
1861, -2772.2183317542076, 2, 9.326590623999437, 264, 771530,                                                 1000000, 14.603263854980469, 176.12704467773438
1862, 2400.990859389305, 1, 4.133090764999906, 118, 771648,                                                 1000000, 16.11646270751953, 177.41517639160156
1863, -2916.7661735117435, 1, 25.364173635000043, 711, 772359,                                                 1000000, 14.67788314819336, 174.38345336914062
1864, -2974.4119005203247, 2, 2.72560292199978, 77, 772436,                                                 1000000, 13.868241310119629, 170.51190185546875
1865, -3219.6334240436554, 2, 12.729941001000043, 360, 772796,                                                 1000000, 14.84686279296875, 177.1043243408203
1866, -3003.4515442848206, 2, 7.945906459000071, 223, 773019,                                                 1000000, 13.541886329650879, 176.38182067871094
1867, 2115.3240958452225, 1, 5.915970168000058, 164, 773183,                                                 1000000, 14.342865943908691, 175.80453491210938
1868, 1986.0858562886715, 1, 9.128122484000414, 252, 773435,                                                 1000000, 15.100300788879395, 176.1013641357422
1869, 2129.4532467126846, 1, 9.555049072000656, 270, 773705,                                                 1000000, 15.497723579406738, 174.2925567626953
1870, 836.4531973600388, 1, 28.174329524999848, 797, 774502,                                                 1000000, 14.970359802246094, 175.48252868652344
1871, 835.239948451519, 1, 26.369781610000246, 753, 775255,                                                 1000000, 14.815104484558105, 175.74392700195312
1872, -10161.172861099243, 2, 15.141837411000779, 433, 775688,                                                 1000000, 14.831472396850586, 174.74057006835938
1873, 1229.6487523913383, 1, 20.77402689599967, 601, 776289,                                                 1000000, 14.916521072387695, 177.19386291503906
1874, -758.3862435519695, 1, 29.979918962999363, 854, 777143,                                                 1000000, 15.143037796020508, 175.43211364746094
1875, 674.2686208486557, 1, 22.361652124000102, 634, 777777,                                                 1000000, 14.886256217956543, 177.0773162841797
1876, 1473.2128673791885, 1, 17.748900544999742, 509, 778286,                                                 1000000, 14.579288482666016, 176.69700622558594
1877, 1166.36420160532, 1, 18.95510420299979, 538, 778824,                                                 1000000, 15.655928611755371, 176.0575408935547
1878, 1528.7193363755941, 1, 15.141538380999918, 434, 779258,                                                 1000000, 14.634686470031738, 176.7681121826172
1879, -6854.672728896141, 3, 27.798100414000146, 794, 780052,                                                 1000000, 14.739278793334961, 176.69671630859375
1880, 617.5178736448288, 1, 17.138588693999736, 480, 780532,                                                 1000000, 15.24039363861084, 176.91482543945312
1881, -3561.045223236084, 3, 11.339762036999673, 319, 780851,                                                 1000000, 15.050692558288574, 177.0537872314453
1882, -2795.6637018322945, 3, 9.141046703999564, 260, 781111,                                                 1000000, 14.284032821655273, 178.64569091796875
1883, -8430.621435761452, 2, 19.767506234999928, 554, 781665,                                                 1000000, 14.6993408203125, 176.90390014648438
1884, 2030.179557621479, 1, 9.527586705999965, 267, 781932,                                                 1000000, 15.02532958984375, 176.9134063720703
1885, 1051.420094192028, 1, 15.144014165000044, 429, 782361,                                                 1000000, 14.544699668884277, 177.90325927734375
1886, 925.8903711140156, 1, 20.97764995199941, 595, 782956,                                                 1000000, 15.113383293151855, 177.13116455078125
1887, 1039.2598888278008, 1, 9.52592497600017, 268, 783224,                                                 1000000, 15.25649356842041, 175.7158966064453
1888, 1955.3735188692808, 1, 16.54680278500018, 470, 783694,                                                 1000000, 16.145797729492188, 177.81143188476562
1889, -6101.358548939228, 3, 19.950114586999916, 563, 784257,                                                 1000000, 14.832490921020508, 177.18417358398438
1890, -733.0008215606213, 1, 26.767570085000443, 752, 785009,                                                 1000000, 14.99059772491455, 177.919677734375
1891, 979.8421008884907, 1, 11.348075071000494, 325, 785334,                                                 1000000, 15.03140926361084, 177.56097412109375
1892, -3708.5965065956116, 3, 10.326923320999413, 291, 785625,                                                 1000000, 15.801223754882812, 179.23338317871094
1893, 2106.6913956403732, 1, 9.950520366000092, 279, 785904,                                                 1000000, 14.77512264251709, 177.59561157226562
1894, -3674.9879779815674, 2, 4.917295061999539, 133, 786037,                                                 1000000, 16.38448715209961, 179.77902221679688
1895, -8010.9988667964935, 2, 16.141258669999843, 447, 786484,                                                 1000000, 15.434308052062988, 178.70977783203125
1896, 1063.8009224832058, 1, 11.127621810000164, 307, 786791,                                                 1000000, 14.622154235839844, 178.8251495361328
1897, -2880.2172441482544, 2, 5.142076223999538, 142, 786933,                                                 1000000, 15.748229026794434, 177.21939086914062
1898, -3152.360372722149, 2, 9.55270091500006, 256, 787189,                                                 1000000, 13.540205955505371, 178.3485565185547
1899, 1892.8188502788544, 1, 9.723240839000027, 267, 787456,                                                 1000000, 15.859614372253418, 176.239013671875
1900, -4719.490417778492, 3, 23.78420942899993, 671, 788127,                                                 1000000, 15.747237205505371, 178.13583374023438
1901, 2363.921389877796, 1, 4.361433271000351, 115, 788242,                                                 1000000, 16.583126068115234, 178.6683349609375
1902, -2629.8812376856804, 2, 3.9105467930003215, 103, 788345,                                                 1000000, 15.142784118652344, 175.52252197265625
1903, -3379.112552702427, 2, 10.532390503999522, 292, 788637,                                                 1000000, 14.396162986755371, 178.02272033691406
1904, 1505.1247133165598, 1, 11.555841672000497, 316, 788953,                                                 1000000, 15.257356643676758, 178.7264404296875
1905, 85.06834092736244, 1, 27.770653385000514, 777, 789730,                                                 1000000, 14.998427391052246, 179.54751586914062
1906, -10761.640299320221, 2, 14.963167845000498, 413, 790143,                                                 1000000, 15.45976734161377, 179.3430938720703
1907, -4759.258344292641, 2, 19.148016047000056, 520, 790663,                                                 1000000, 15.044955253601074, 180.9008026123047
1908, 2434.087789416313, 1, 4.537833655999748, 110, 790773,                                                 1000000, 15.475351333618164, 180.27474975585938
1909, -4775.961291074753, 3, 17.97499352700015, 487, 791260,                                                 1000000, 14.805665016174316, 179.43856811523438
1910, 2112.0496320724487, 1, 10.72915915700014, 283, 791543,                                                 1000000, 15.033220291137695, 178.9305419921875
1911, 69.87164241075516, 1, 11.125261721999777, 305, 791848,                                                 1000000, 15.085761070251465, 181.34588623046875
1912, 1668.4909206032753, 1, 11.134022696000102, 302, 792150,                                                 1000000, 15.224271774291992, 180.26278686523438
1913, 1335.2666637599468, 1, 20.955207728999994, 577, 792727,                                                 1000000, 14.859652519226074, 180.7266082763672
1914, 1608.3087027668953, 1, 8.344688433000556, 234, 792961,                                                 1000000, 15.44786548614502, 179.4130401611328
1915, -2072.806369841099, 1, 26.775857851999717, 737, 793698,                                                 1000000, 14.694849967956543, 178.9458770751953
1916, 693.3625304996967, 1, 19.367327523000313, 533, 794231,                                                 1000000, 15.843835830688477, 180.68035888671875
1917, -3230.284357905388, 3, 4.907832464999956, 131, 794362,                                                 1000000, 15.25448989868164, 178.43185424804688
1918, 895.922852396965, 1, 12.75337528, 350, 794712,                                                 1000000, 15.68960952758789, 182.16278076171875
1919, -359.3636248409748, 1, 19.550678913999946, 533, 795245,                                                 1000000, 14.814605712890625, 180.61477661132812
1920, -529.3756070137024, 1, 25.386450547000095, 693, 795938,                                                 1000000, 15.286670684814453, 179.6380157470703
1921, 2031.243754297495, 1, 9.72682184400037, 258, 796196,                                                 1000000, 14.934642791748047, 179.0721435546875
1922, 2163.930395781994, 1, 8.927365606999956, 235, 796431,                                                 1000000, 14.20577621459961, 180.24484252929688
1923, 1184.8442487716675, 1, 9.95233242500035, 269, 796700,                                                 1000000, 15.341899871826172, 181.2361297607422
1924, -5817.089591383934, 2, 24.161443647999477, 658, 797358,                                                 1000000, 15.188859939575195, 180.99769592285156
1925, -2928.7646651268005, 2, 7.342881653999939, 200, 797558,                                                 1000000, 16.85984992980957, 179.59889221191406
1926, 491.3697143793106, 1, 19.34737602199948, 527, 798085,                                                 1000000, 14.664453506469727, 182.05760192871094
1927, 1673.7341459989548, 1, 8.546989389999908, 237, 798322,                                                 1000000, 15.830986976623535, 180.00408935546875
1928, -3235.9196682572365, 2, 12.535091992999696, 342, 798664,                                                 1000000, 14.619640350341797, 179.4833526611328
1929, 1899.688050866127, 1, 14.366288010000062, 393, 799057,                                                 1000000, 14.98665714263916, 180.6122589111328
1930, 1916.717833340168, 1, 11.938454574999923, 323, 799380,                                                 1000000, 15.563796997070312, 181.90994262695312
1931, 1513.9533333778381, 1, 17.96923807500025, 490, 799870,                                                 1000000, 15.175575256347656, 180.90863037109375
1932, -5163.056394487619, 1, 28.568436374000157, 778, 800648,                                                 1000000, 15.194720268249512, 182.99000549316406
1933, 240.84752184152603, 1, 31.3812470820003, 863, 801511,                                                 1000000, 15.372779846191406, 181.36671447753906
1934, 1246.0373245477676, 1, 13.972037649999947, 385, 801896,                                                 1000000, 14.752798080444336, 180.49728393554688
1935, 1739.932693362236, 1, 9.934113917999639, 262, 802158,                                                 1000000, 14.377009391784668, 180.6540985107422
1936, -11072.649406731129, 2, 39.226584195000214, 1082, 803240,                                                 1000000, 15.237347602844238, 180.5044708251953
1937, 1001.7848504781723, 1, 15.134745711000505, 408, 803648,                                                 1000000, 14.384954452514648, 181.0517578125
1938, 2096.889357686043, 1, 12.336937561999548, 329, 803977,                                                 1000000, 15.054134368896484, 182.79478454589844
1939, -393.31794369220734, 1, 22.184670978999748, 603, 804580,                                                 1000000, 15.052184104919434, 181.4276123046875
1940, -2894.2503653764725, 3, 17.349215981999805, 470, 805050,                                                 1000000, 15.939393043518066, 181.02622985839844
1941, -3641.0676387548447, 3, 12.330671523000092, 332, 805382,                                                 1000000, 15.056741714477539, 180.4233856201172
1942, 2293.5302244722843, 1, 8.150194922999617, 227, 805609,                                                 1000000, 15.471656799316406, 181.03274536132812
1943, 1872.1342567801476, 1, 13.34018649600057, 353, 805962,                                                 1000000, 14.77919864654541, 181.9201202392578
1944, 1475.7545958459377, 1, 24.159460579999177, 650, 806612,                                                 1000000, 15.289344787597656, 180.3860626220703
1945, -216.14466555416584, 1, 22.961779338999804, 631, 807243,                                                 1000000, 15.046065330505371, 181.722900390625
1946, -1020.9096065163612, 1, 25.569346635999864, 698, 807941,                                                 1000000, 15.210021018981934, 182.5081329345703
1947, -2916.8451142311096, 2, 7.323143761999745, 192, 808133,                                                 1000000, 13.191791534423828, 180.15208435058594
1948, -2592.144235730171, 3, 9.52840924300017, 256, 808389,                                                 1000000, 14.499762535095215, 179.821533203125
1949, 2165.0753280222416, 1, 9.52668526099933, 257, 808646,                                                 1000000, 14.693946838378906, 181.01905822753906
1950, -7334.659365534782, 2, 24.38206927200008, 670, 809316,                                                 1000000, 15.63211441040039, 181.48382568359375
1951, 1123.9549786448479, 1, 13.335806817000048, 360, 809676,                                                 1000000, 14.41242790222168, 179.37704467773438
1952, 464.38256138563156, 1, 18.568062734000705, 512, 810188,                                                 1000000, 14.638960838317871, 181.74623107910156
1953, -762.8839914798737, 1, 26.77248858599978, 732, 810920,                                                 1000000, 14.998163223266602, 181.5824432373047
1954, 424.0989559292793, 1, 18.383152897999935, 507, 811427,                                                 1000000, 14.372608184814453, 183.31434631347656
1955, 340.46207651495934, 1, 12.736528225999791, 342, 811769,                                                 1000000, 15.215950012207031, 181.36639404296875
1956, -3150.647013902664, 2, 8.125000858000021, 216, 811985,                                                 1000000, 14.18946647644043, 181.72897338867188
1957, 2385.635457456112, 1, 4.515503477000493, 116, 812101,                                                 1000000, 16.759552001953125, 182.08303833007812
1958, 1936.7830295562744, 1, 8.524675677999767, 228, 812329,                                                 1000000, 15.988269805908203, 185.29188537597656
1959, 1530.5613884553313, 1, 20.756912470000316, 576, 812905,                                                 1000000, 15.979758262634277, 183.4121856689453
1960, -5894.453550755978, 2, 20.356534186999852, 557, 813462,                                                 1000000, 15.368805885314941, 183.30169677734375
1961, -2921.5776357650757, 2, 6.137478339000154, 166, 813628,                                                 1000000, 15.884700775146484, 184.36717224121094
1962, 1762.0409986525774, 1, 12.334133600999849, 331, 813959,                                                 1000000, 15.79587173461914, 184.28341674804688
1963, -2649.4026927948, 2, 5.315433653000582, 135, 814094,                                                 1000000, 15.67673110961914, 182.07290649414062
1964, 397.97011944651604, 1, 19.17691317199933, 527, 814621,                                                 1000000, 14.727054595947266, 183.5811004638672
1965, 917.076871752739, 1, 13.742095424999206, 375, 814996,                                                 1000000, 15.309754371643066, 184.87330627441406
1966, -3327.1171317100525, 2, 4.1314596980000715, 114, 815110,                                                 1000000, 14.890265464782715, 185.56784057617188
1967, 2224.729327172041, 1, 8.325693449999562, 227, 815337,                                                 1000000, 15.241540908813477, 185.22132873535156
1968, 305.2108914554119, 1, 23.97575366699948, 643, 815980,                                                 1000000, 15.711871147155762, 185.16932678222656
1969, -3694.6197880208492, 1, 33.20369346299958, 924, 816904,                                                 1000000, 15.190388679504395, 185.42274475097656
1970, 1064.1571535766125, 1, 24.761893388000317, 676, 817580,                                                 1000000, 15.56739330291748, 185.60745239257812
1971, 15.293743327260017, 1, 32.178391808000015, 881, 818461,                                                 1000000, 15.333474159240723, 185.24766540527344
1972, 1844.7340662777424, 1, 20.98277213199981, 576, 819037,                                                 1000000, 15.860713005065918, 184.6963653564453
1973, -1948.0222081840038, 1, 48.44429011600005, 1326, 820363,                                                 1000000, 14.54060173034668, 186.05136108398438
1974, 1316.4927068948746, 1, 19.554280306000692, 530, 820893,                                                 1000000, 15.329952239990234, 185.5595703125
1975, -3336.86050593853, 3, 14.165646555000421, 394, 821287,                                                 1000000, 15.242112159729004, 184.97476196289062
1976, -2846.7382118701935, 3, 9.327314969999861, 250, 821537,                                                 1000000, 15.17072582244873, 184.35215759277344
1977, 2115.463950574398, 1, 7.926980973999889, 209, 821746,                                                 1000000, 14.653393745422363, 186.761962890625
1978, 2103.7756974697113, 1, 10.550189971999316, 291, 822037,                                                 1000000, 14.78832721710205, 183.4038848876953
1979, 406.7863286137581, 1, 13.338698757999737, 361, 822398,                                                 1000000, 15.620699882507324, 186.45489501953125
1980, -6211.384991616011, 3, 33.790771654999844, 941, 823339,                                                 1000000, 15.626233100891113, 185.12522888183594
1981, 1921.246338158846, 1, 13.160707303999516, 372, 823711,                                                 1000000, 15.340150833129883, 184.7946014404297
1982, -464.43332409858704, 5, 7.922952513000382, 222, 823933,                                                 1000000, 15.478385925292969, 185.8464813232422
1983, 2311.496129155159, 1, 8.520761078999385, 236, 824169,                                                 1000000, 15.385061264038086, 187.112548828125
1984, -406.43432319164276, 5, 5.535663773000124, 155, 824324,                                                 1000000, 15.331862449645996, 187.03555297851562
1985, 2106.771442770958, 1, 10.522903650000444, 289, 824613,                                                 1000000, 15.649160385131836, 184.20875549316406
1986, -630.9575711488724, 5, 8.327553297999657, 233, 824846,                                                 1000000, 14.070642471313477, 185.75628662109375
1987, 2199.2361729741096, 1, 5.945277553000778, 168, 825014,                                                 1000000, 15.492694854736328, 185.2672576904297
1988, -691.2731125354767, 5, 5.917413015999955, 163, 825177,                                                 1000000, 14.80762004852295, 187.0094451904297
1989, 1959.0681208074093, 1, 14.136476831000437, 399, 825576,                                                 1000000, 14.745616912841797, 183.055908203125
1990, -463.501830637455, 5, 6.722647358999893, 189, 825765,                                                 1000000, 14.453715324401855, 184.78561401367188
1991, 2070.3539302945137, 1, 10.731110703000013, 302, 826067,                                                 1000000, 14.427260398864746, 184.55361938476562
1992, -384.91888332366943, 5, 3.9130383339997934, 104, 826171,                                                 1000000, 15.248733520507812, 185.3899688720703
1993, -514.8438384532928, 5, 8.927142700999866, 249, 826420,                                                 1000000, 14.797801971435547, 182.92945861816406
1994, -298.55949902534485, 5, 7.326399328000662, 197, 826617,                                                 1000000, 15.922765731811523, 186.58094787597656
1995, 2017.8494065850973, 1, 13.536994313000832, 377, 826994,                                                 1000000, 15.064960479736328, 185.8619384765625
1996, -416.6758239865303, 5, 5.917187147999357, 159, 827153,                                                 1000000, 14.44825553894043, 183.64141845703125
1997, 2173.2144117355347, 1, 9.72588972199992, 267, 827420,                                                 1000000, 15.270739555358887, 186.1097869873047
1998, -295.4163839817047, 5, 5.11574628299968, 137, 827557,                                                 1000000, 15.803399085998535, 184.3084716796875
1999, 2423.2545714974403, 1, 4.312906498999837, 116, 827673,                                                 1000000, 14.503617286682129, 185.60833740234375
2000, -743.7569164037704, 5, 10.530240717000197, 293, 827966,                                                 1000000, 15.237871170043945, 186.1357421875
2001, -293.8141670227051, 5, 5.498450375000175, 148, 828114,                                                 1000000, 14.75960922241211, 188.36717224121094
2002, -452.5645833015442, 5, 9.557366650000404, 271, 828385,                                                 1000000, 15.749746322631836, 186.858154296875
2003, -342.0481938123703, 5, 9.325089873000252, 266, 828651,                                                 1000000, 15.439375877380371, 183.8022918701172
2004, 2009.8825620412827, 1, 13.940291777000311, 397, 829048,                                                 1000000, 15.421810150146484, 186.79095458984375
2005, -491.60322630405426, 5, 6.32256227400012, 177, 829225,                                                 1000000, 15.44060230255127, 184.65155029296875
2006, 2014.4740857481956, 1, 7.524199739999858, 212, 829437,                                                 1000000, 14.85752010345459, 185.64410400390625
2007, -721.5448272228241, 5, 9.346261902000151, 257, 829694,                                                 1000000, 15.677474021911621, 186.011474609375
2008, 2119.5829708874226, 1, 10.328304056999514, 283, 829977,                                                 1000000, 15.984373092651367, 186.2418975830078
2009, -221.7112476825714, 5, 2.3099467109996112, 60, 830037,                                                 1000000, 18.33684730529785, 185.5767059326172
2010, 2290.2292235195637, 1, 8.125697596999998, 231, 830268,                                                 1000000, 15.686409950256348, 183.8891143798828
2011, -569.528017103672, 5, 10.747680401999787, 309, 830577,                                                 1000000, 14.773228645324707, 187.90606689453125
2012, 2255.6850475668907, 1, 8.319768126999406, 232, 830809,                                                 1000000, 14.950963973999023, 185.94879150390625
2013, -667.5407611727715, 5, 12.54840802400031, 356, 831165,                                                 1000000, 14.259129524230957, 186.99794006347656
2014, -1022.7924836277962, 5, 18.573576415999923, 412, 831577,                                                 1000000, 15.375323295593262, 185.60720825195312
2015, -460.11955523490906, 5, 10.532979108999825, 278, 831855,                                                 1000000, 15.89067554473877, 187.7710418701172
2016, 2304.5184190273285, 1, 8.340678033000586, 228, 832083,                                                 1000000, 15.201417922973633, 188.46998596191406
2017, -513.7803720235825, 5, 8.714628925000397, 227, 832310,                                                 1000000, 15.271970748901367, 186.87045288085938
2018, 1917.978120803833, 1, 12.160709529000087, 336, 832646,                                                 1000000, 15.872611999511719, 184.9756317138672
2019, -306.2218962907791, 5, 4.315599000000475, 113, 832759,                                                 1000000, 16.238933563232422, 186.0404815673828
2020, 1680.1702600717545, 1, 12.13628275100018, 325, 833084,                                                 1000000, 15.092194557189941, 185.30088806152344
2021, -414.6931060552597, 5, 5.316367678999995, 140, 833224,                                                 1000000, 14.266043663024902, 183.70556640625
2022, -198.59933131933212, 5, 5.520836761999817, 141, 833365,                                                 1000000, 15.388190269470215, 186.5384979248047
2023, 2181.5684832930565, 1, 5.9187410299991825, 156, 833521,                                                 1000000, 14.789592742919922, 188.73391723632812
2024, -273.75265550613403, 5, 3.3131286880006883, 83, 833604,                                                 1000000, 15.135275840759277, 186.21401977539062
