episode, reward, success, duration, steps, total_steps, memory length, avg_critic_loss, avg_actor_loss
1, -8030.491495132446, 2, 26.771316907000028, 732, 25546,                                                 25546, 13.347986221313477, 310.5414733886719
2, -4092.75004196167, 2, 14.805684662999965, 409, 25955,                                                 25955, 13.39599609375, 318.2378845214844
3, -4047.74432182312, 2, 13.734510808000095, 380, 26335,                                                 26335, 14.052209854125977, 319.76983642578125
4, -2700.84687513113, 2, 6.540007494000065, 182, 26517,                                                 26517, 13.738676071166992, 320.9173889160156
5, -4109.988389611244, 2, 16.544961807999925, 450, 26967,                                                 26967, 13.514609336853027, 321.9116516113281
6, -3420.8190727233887, 2, 19.951760734000118, 542, 27509,                                                 27509, 13.176064491271973, 322.4877624511719
7, -2780.9796781539917, 5, 26.17177980999986, 695, 28204,                                                 28204, 13.416966438293457, 329.8155822753906
8, -1361.2600436210632, 5, 14.337113035999892, 395, 28599,                                                 28599, 13.6358060836792, 329.66314697265625
9, -406.9919366836548, 5, 5.516493766999929, 146, 28745,                                                 28745, 14.304856300354004, 325.6917724609375
10, -1151.8744690418243, 5, 14.136157251999975, 382, 29127,                                                 29127, 13.431525230407715, 334.14984130859375
11, 2283.014910697937, 1, 4.732453405999877, 132, 29259,                                                 29259, 12.279054641723633, 330.4902648925781
12, -546.6138221025467, 5, 8.722012721000056, 233, 29492,                                                 29492, 12.690353393554688, 333.6705322265625
13, -413.03489422798157, 5, 8.144643214000098, 217, 29709,                                                 29709, 14.06686782836914, 327.8358154296875
14, -1113.1181859970093, 5, 10.730102466000062, 280, 29989,                                                 29989, 12.836515426635742, 327.8672180175781
15, 2350.8880320191383, 1, 4.716422330000114, 123, 30112,                                                 30112, 12.729722023010254, 327.6822814941406
16, -279.4513419866562, 5, 4.312039476999871, 109, 30221,                                                 30221, 12.264485359191895, 328.44158935546875
17, 1986.2966336011887, 1, 10.132938964999994, 275, 30496,                                                 30496, 12.126994132995605, 326.91259765625
18, -388.518577337265, 5, 7.752103853000108, 211, 30707,                                                 30707, 12.298697471618652, 326.8870849609375
19, 2000.9367171674967, 1, 12.128521584999817, 328, 31035,                                                 31035, 12.107047080993652, 324.3168029785156
20, -267.55274081230164, 5, 2.7319698750000043, 71, 31106,                                                 31106, 12.811896324157715, 323.41448974609375
21, 2009.087781906128, 1, 12.133514219000062, 322, 31428,                                                 31428, 12.440195083618164, 323.4395751953125
22, -271.85597491264343, 5, 2.7089310050000677, 66, 31494,                                                 31494, 11.781159400939941, 322.2754821777344
23, -285.6725041270256, 5, 7.921340313999963, 209, 31703,                                                 31703, 11.180813789367676, 319.5669250488281
24, 1672.3927023410797, 1, 16.767621221000127, 455, 32158,                                                 32158, 11.40954303741455, 320.3377380371094
25, -3144.9437597990036, 2, 8.321415056000205, 228, 32386,                                                 32386, 12.5479154586792, 320.1391906738281
26, 1442.6031979322433, 1, 15.564027906999854, 426, 32812,                                                 32812, 11.225790977478027, 315.1758117675781
27, -2568.2165945768356, 3, 5.715852708000057, 152, 32964,                                                 32964, 11.83554458618164, 311.0906982421875
28, -2757.968827545643, 2, 9.75104631299996, 263, 33227,                                                 33227, 11.007780075073242, 311.05108642578125
29, -2856.120218873024, 3, 10.329026984000166, 284, 33511,                                                 33511, 11.47799015045166, 311.364013671875
30, -4286.571530610323, 2, 14.741704257000038, 398, 33909,                                                 33909, 10.77534294128418, 308.6878662109375
31, -2800.667541027069, 2, 10.962242134999997, 298, 34207,                                                 34207, 11.720781326293945, 307.633544921875
32, -2921.4613807201385, 2, 11.797650099000066, 289, 34496,                                                 34496, 11.237405776977539, 308.7612609863281
33, -2938.2748240232468, 2, 12.16169121400003, 299, 34795,                                                 34795, 11.330887794494629, 302.6237487792969
34, -2938.4095269441605, 2, 11.127799114000027, 290, 35085,                                                 35085, 10.860628128051758, 303.9046325683594
35, 2058.855665177107, 1, 8.719042194999929, 230, 35315,                                                 35315, 11.480918884277344, 303.0889892578125
36, -3298.1738287210464, 2, 7.3276241089999985, 184, 35499,                                                 35499, 11.304802894592285, 300.1679382324219
37, -2593.8022221922874, 2, 5.917509012999972, 154, 35653,                                                 35653, 11.322638511657715, 298.6290588378906
38, -2935.7835639715195, 2, 10.354888145999894, 283, 35936,                                                 35936, 11.186997413635254, 298.86279296875
39, -2757.183136999607, 2, 10.324477088000094, 280, 36216,                                                 36216, 10.566213607788086, 295.4259033203125
40, -2467.470202744007, 2, 5.516431087000001, 142, 36358,                                                 36358, 9.910562515258789, 299.2465515136719
41, 2034.7820789813995, 1, 8.123757324000053, 219, 36577,                                                 36577, 11.704241752624512, 297.9535217285156
42, -3167.897318959236, 2, 15.564450926000063, 421, 36998,                                                 36998, 11.01379680633545, 296.2320861816406
43, -2836.4142048358917, 2, 9.546848869999849, 252, 37250,                                                 37250, 11.693074226379395, 298.5018615722656
44, -2753.788860142231, 2, 9.528330561999837, 258, 37508,                                                 37508, 11.255799293518066, 295.5423278808594
45, -2797.1407383084297, 2, 9.949220245000106, 272, 37780,                                                 37780, 10.613980293273926, 293.60894775390625
46, -2411.556298017502, 2, 4.714587080999991, 126, 37906,                                                 37906, 11.18636417388916, 296.17913818359375
47, -2886.983348071575, 2, 10.529903057999945, 279, 38185,                                                 38185, 11.702467918395996, 296.8594665527344
48, -2430.2125252485275, 2, 5.517549076000023, 142, 38327,                                                 38327, 11.221832275390625, 297.93359375
49, -2984.198305249214, 2, 12.95403334499997, 342, 38669,                                                 38669, 11.522652626037598, 298.9134826660156
50, -2422.106791615486, 2, 5.1149923739999394, 135, 38804,                                                 38804, 11.624695777893066, 295.3511962890625
51, -2823.7569663524628, 2, 10.750739332000194, 293, 39097,                                                 39097, 11.138895034790039, 294.78143310546875
52, -2900.34273147583, 2, 10.331031180999844, 249, 39346,                                                 39346, 12.273653984069824, 298.1121826171875
53, -2363.00667232275, 2, 6.622442259000081, 85, 39431,                                                 39431, 10.563189506530762, 295.79962158203125
54, -2240.4737144708633, 2, 11.639623037000092, 67, 39498,                                                 39498, 12.428581237792969, 296.6417541503906
55, -2269.9454036951065, 2, 5.521811501000002, 42, 39540,                                                 39540, 14.38695240020752, 304.9457092285156
56, 2385.810541719198, 1, 11.293082312000024, 110, 39650,                                                 39650, 11.507484436035156, 303.931884765625
57, -2825.8519624471664, 2, 10.262983046000045, 238, 39888,                                                 39888, 11.485730171203613, 296.5555725097656
58, 2406.8371745944023, 1, 4.518510817000106, 105, 39993,                                                 39993, 13.010641098022461, 299.1011962890625
59, -3529.1050978899, 2, 12.93717207099985, 328, 40321,                                                 40321, 12.323809623718262, 303.2650146484375
60, -2618.6303082108498, 2, 8.744448093000074, 224, 40545,                                                 40545, 13.099466323852539, 301.5438537597656
61, -2655.912586450577, 2, 5.918009394999899, 130, 40675,                                                 40675, 12.130205154418945, 302.4068603515625
62, -2759.5051829218864, 2, 9.143921562999822, 227, 40902,                                                 40902, 12.382221221923828, 300.6436462402344
63, -2545.292471885681, 2, 4.939220348999925, 125, 41027,                                                 41027, 12.943000793457031, 302.9647216796875
64, -2643.9051080346107, 2, 8.94680402400013, 229, 41256,                                                 41256, 12.777482032775879, 300.76800537109375
65, -2893.9644721746445, 2, 9.924109717999954, 248, 41504,                                                 41504, 12.421527862548828, 301.1916198730469
66, -2543.4314826726913, 3, 8.75625977300001, 222, 41726,                                                 41726, 13.373391151428223, 304.45501708984375
67, 2127.333254724741, 1, 8.344745030000013, 210, 41936,                                                 41936, 12.728729248046875, 304.1192626953125
68, -2737.4021549224854, 2, 3.314026616999854, 76, 42012,                                                 42012, 13.042679786682129, 299.0489807128906
69, -3011.587709605694, 3, 11.956820966000123, 305, 42317,                                                 42317, 12.896760940551758, 305.0806884765625
70, -2549.631383895874, 2, 5.319321482000078, 129, 42446,                                                 42446, 12.22098445892334, 304.8916015625
71, 2340.81463766098, 1, 4.1411572659999365, 106, 42552,                                                 42552, 11.538517951965332, 302.41339111328125
72, -2892.55273604393, 2, 3.5185909249998986, 85, 42637,                                                 42637, 12.985815048217773, 299.66241455078125
73, 2335.022515773773, 1, 4.314855363000106, 105, 42742,                                                 42742, 14.492622375488281, 298.97821044921875
74, -2734.4122743606567, 2, 3.1132511729999806, 73, 42815,                                                 42815, 14.025656700134277, 303.6630859375
75, -2688.8058366179466, 2, 8.140558406999844, 207, 43022,                                                 43022, 13.983057975769043, 305.1445007324219
76, 2006.1017143130302, 1, 8.125880698000174, 206, 43228,                                                 43228, 12.113004684448242, 300.0113525390625
77, -3379.9154970645905, 2, 4.11705115299992, 102, 43330,                                                 43330, 13.794893264770508, 302.35809326171875
78, -7676.3120131492615, 2, 26.76792275699995, 678, 44008,                                                 44008, 13.689837455749512, 300.9355163574219
79, 1582.4628781080246, 1, 12.762744662999921, 328, 44336,                                                 44336, 13.31656551361084, 297.7677917480469
80, -3222.4164518117905, 2, 7.928992346000086, 199, 44535,                                                 44535, 12.999268531799316, 293.34796142578125
81, 2161.9646977484226, 1, 6.3501426860000265, 173, 44708,                                                 44708, 12.912771224975586, 292.8092041015625
82, 529.1836112439632, 1, 20.15261268600011, 542, 45250,                                                 45250, 12.72391414642334, 289.073974609375
83, -8022.506570518017, 3, 34.993295318000264, 937, 46187,                                                 46187, 12.814488410949707, 288.9603576660156
84, -2661.0750346779823, 3, 9.353201632000037, 253, 46440,                                                 46440, 12.556928634643555, 284.7024230957031
85, -4169.398007750511, 2, 15.542442155999652, 415, 46855,                                                 46855, 12.183196067810059, 287.4707336425781
86, -3784.4337582588196, 2, 15.17429561400013, 418, 47273,                                                 47273, 11.420852661132812, 285.3878479003906
87, -3142.592022538185, 2, 6.134733663999668, 153, 47426,                                                 47426, 12.095885276794434, 284.08251953125
88, 1980.6883902549744, 1, 9.547221620999608, 250, 47676,                                                 47676, 10.83908748626709, 286.54168701171875
89, -2844.632176876068, 2, 3.9297179049999613, 103, 47779,                                                 47779, 12.089461326599121, 287.92041015625
90, -3249.221524655819, 3, 12.7302418700001, 340, 48119,                                                 48119, 13.599472999572754, 284.9128723144531
91, -2468.270085275173, 2, 5.318486084999677, 137, 48256,                                                 48256, 12.907748222351074, 283.7803649902344
92, -2833.366119623184, 2, 5.546424788999957, 150, 48406,                                                 48406, 11.7608003616333, 284.5411071777344
93, 616.8677100539207, 1, 19.755064831000254, 532, 48938,                                                 48938, 11.967963218688965, 281.89764404296875
94, -8980.659359872341, 4, 50.83319032700001, 1385, 50323,                                                 50323, 12.307421684265137, 282.75616455078125
95, 2156.0124474465847, 1, 10.52807863299995, 256, 50579,                                                 50579, 12.749933242797852, 282.94903564453125
96, -3113.3455005288124, 3, 16.16403139799968, 431, 51010,                                                 51010, 12.73131275177002, 282.35711669921875
97, 2293.0079941153526, 1, 8.320663239000169, 209, 51219,                                                 51219, 12.60593032836914, 279.4670715332031
98, -3886.4355087280273, 2, 5.717203761999826, 150, 51369,                                                 51369, 12.268280029296875, 282.22344970703125
99, -3459.2645864486694, 2, 10.529182234000018, 277, 51646,                                                 51646, 12.269689559936523, 277.2059020996094
100, 2174.6606932878494, 1, 10.761975226000231, 291, 51937,                                                 51937, 12.532501220703125, 279.51983642578125
101, -3210.4923527240753, 2, 6.9144925390000935, 178, 52115,                                                 52115, 12.26443862915039, 282.0708923339844
102, 2216.8684834092855, 1, 10.12908561300037, 261, 52376,                                                 52376, 11.910565376281738, 281.5500793457031
103, -4903.248364031315, 2, 18.7511528670002, 489, 52865,                                                 52865, 12.432526588439941, 279.9794921875
104, -3016.948679983616, 3, 12.133061999999882, 316, 53181,                                                 53181, 11.845669746398926, 279.6679992675781
105, 2279.643196299672, 1, 10.929951016999894, 196, 53377,                                                 53377, 12.301148414611816, 281.3144836425781
106, -3547.9938495755196, 2, 14.963194907999878, 336, 53713,                                                 53713, 12.628202438354492, 278.62481689453125
107, -4993.615571975708, 2, 15.135134491000372, 401, 54114,                                                 54114, 12.814177513122559, 279.13262939453125
108, -4792.225807666779, 2, 18.54590254599998, 501, 54615,                                                 54615, 13.257850646972656, 278.2586364746094
109, -3576.3036477565765, 2, 7.14665580000019, 174, 54789,                                                 54789, 12.748528480529785, 278.45074462890625
110, -2726.5160078406334, 3, 9.52770376699982, 251, 55040,                                                 55040, 12.677302360534668, 278.0594482421875
111, -2436.818151950836, 2, 5.32050727800015, 139, 55179,                                                 55179, 12.333712577819824, 278.9566345214844
112, 912.4749162197113, 1, 13.336576322999917, 352, 55531,                                                 55531, 13.536111831665039, 278.05401611328125
113, -3105.2134152650833, 2, 5.94324989100005, 149, 55680,                                                 55680, 12.983526229858398, 280.8949890136719
114, -2671.0658704042435, 2, 5.315027294000174, 137, 55817,                                                 55817, 11.787893295288086, 275.20611572265625
115, -2774.2968996167183, 3, 11.129869481999776, 287, 56104,                                                 56104, 13.245631217956543, 279.9497375488281
116, 2133.2273809611797, 1, 6.52057260599986, 169, 56273,                                                 56273, 12.179619789123535, 276.6712646484375
117, -2895.907636165619, 2, 3.714078544000131, 95, 56368,                                                 56368, 13.56296157836914, 281.5843200683594
118, 2045.6939956843853, 1, 11.132538912999735, 293, 56661,                                                 56661, 12.889474868774414, 278.747314453125
119, -3169.8933947086334, 2, 9.545745884000098, 254, 56915,                                                 56915, 12.87314224243164, 276.4425354003906
120, 1297.6849923431873, 1, 11.929225080000379, 314, 57229,                                                 57229, 13.90531063079834, 276.589599609375
121, -3032.47106218338, 2, 8.546889003999695, 218, 57447,                                                 57447, 12.838296890258789, 275.9168395996094
122, 2097.892163872719, 1, 10.958097152999926, 291, 57738,                                                 57738, 13.061066627502441, 273.2835388183594
123, 1832.4750090241432, 1, 14.129966279999735, 378, 58116,                                                 58116, 13.457252502441406, 274.07855224609375
124, -3264.244709253311, 3, 10.732934563000072, 277, 58393,                                                 58393, 13.823790550231934, 274.2037048339844
125, -3110.8762476444244, 2, 6.91994200299996, 178, 58571,                                                 58571, 13.459951400756836, 277.983154296875
126, 2200.2123017907143, 1, 7.120090185999743, 181, 58752,                                                 58752, 13.152802467346191, 273.6891174316406
127, -4810.505507469177, 2, 15.142987754999922, 402, 59154,                                                 59154, 13.602657318115234, 275.7945251464844
128, -3140.493820846081, 2, 9.951380456000152, 261, 59415,                                                 59415, 13.486440658569336, 277.89453125
129, 2090.33131057024, 1, 7.919831715999862, 208, 59623,                                                 59623, 12.681599617004395, 275.2817077636719
130, 1246.7603236734867, 1, 18.17356677099997, 481, 60104,                                                 60104, 13.28835391998291, 274.5602722167969
131, 609.1908370256424, 1, 21.95316730400009, 576, 60680,                                                 60680, 14.046781539916992, 272.24993896484375
132, -4307.798938155174, 2, 9.526153104000059, 250, 60930,                                                 60930, 13.76882553100586, 274.62274169921875
133, 2325.6884779930115, 1, 4.7415945880002255, 124, 61054,                                                 61054, 14.02155590057373, 275.0943908691406
134, -3683.5336121320724, 2, 16.344477849000214, 421, 61475,                                                 61475, 13.539796829223633, 271.95965576171875
135, 2102.4297158420086, 1, 10.530766638999921, 272, 61747,                                                 61747, 13.038416862487793, 273.7232971191406
136, 1193.2962654829025, 1, 14.333753736999824, 371, 62118,                                                 62118, 14.195487976074219, 272.6502990722656
137, 2141.653639048338, 1, 11.929963966000287, 307, 62425,                                                 62425, 13.500710487365723, 271.1363220214844
138, -3364.4968733787537, 2, 13.13469983799996, 346, 62771,                                                 62771, 13.306938171386719, 272.56158447265625
139, 1899.5206013917923, 1, 12.13310120999995, 315, 63086,                                                 63086, 14.596687316894531, 270.9309387207031
140, -3748.4472301006317, 2, 9.948081376000118, 247, 63333,                                                 63333, 14.252820014953613, 272.7394104003906
141, -3859.088534116745, 2, 15.739757818000271, 401, 63734,                                                 63734, 14.634645462036133, 272.38311767578125
142, 2405.3519412875175, 1, 4.333670975000132, 111, 63845,                                                 63845, 13.935149192810059, 269.13348388671875
143, 1926.1654288768768, 1, 10.326786342000105, 259, 64104,                                                 64104, 13.540407180786133, 269.3252868652344
144, -3069.378150641918, 3, 11.330084065999927, 294, 64398,                                                 64398, 13.551931381225586, 269.1475524902344
145, -3406.141580581665, 3, 11.527808815999833, 294, 64692,                                                 64692, 13.198470115661621, 269.35687255859375
146, 1896.9729592949152, 1, 16.773050371999943, 409, 65101,                                                 65101, 13.52676010131836, 269.2828674316406
147, -507.98555639386177, 1, 26.365994977000355, 672, 65773,                                                 65773, 13.314658164978027, 267.48309326171875
148, -2975.696061372757, 2, 6.346681406999778, 153, 65926,                                                 65926, 15.28259563446045, 267.1640930175781
149, -2976.0361733436584, 3, 12.730206325999916, 319, 66245,                                                 66245, 13.903158187866211, 266.5298156738281
150, 1177.8025984168053, 1, 12.935364400000253, 327, 66572,                                                 66572, 14.245442390441895, 264.30938720703125
151, -3456.0037479400635, 2, 6.922320775999651, 173, 66745,                                                 66745, 14.073001861572266, 264.4132385253906
152, -2856.258005142212, 2, 10.727737673999854, 266, 67011,                                                 67011, 13.487663269042969, 262.61578369140625
153, -417.48920035362244, 1, 22.160292307999953, 561, 67572,                                                 67572, 14.700020790100098, 265.0832214355469
154, -3729.434745311737, 3, 20.15186127600009, 508, 68080,                                                 68080, 14.005670547485352, 263.3727111816406
155, -3749.4229412674904, 2, 20.57810405300006, 519, 68599,                                                 68599, 14.189335823059082, 263.2613220214844
156, 2110.598002254963, 1, 11.528550211000038, 283, 68882,                                                 68882, 14.129773139953613, 263.52813720703125
157, 1531.5610393285751, 1, 17.150400100999832, 421, 69303,                                                 69303, 14.902220726013184, 262.2698974609375
158, 2232.343283712864, 1, 9.53532423300021, 224, 69527,                                                 69527, 13.817048072814941, 265.1563720703125
159, -3776.073192089796, 2, 28.989471975000015, 710, 70237,                                                 70237, 14.111676216125488, 262.532958984375
160, 1739.667929828167, 1, 17.547757443000137, 428, 70665,                                                 70665, 14.315450668334961, 262.1512756347656
161, 547.6897045969963, 1, 13.538161555999977, 338, 71003,                                                 71003, 13.793373107910156, 262.19329833984375
162, 1957.6251401901245, 1, 16.1665420989998, 406, 71409,                                                 71409, 14.658400535583496, 260.0055847167969
163, 1107.1217265427113, 1, 20.152465997000036, 496, 71905,                                                 71905, 13.960684776306152, 260.6986999511719
164, -2577.1933178901672, 3, 2.9126757079998242, 68, 71973,                                                 71973, 15.878173828125, 259.427001953125
165, -2824.108425050974, 2, 10.533029916000032, 252, 72225,                                                 72225, 15.295451164245605, 262.6372985839844
166, 2166.440165311098, 1, 11.334365032999813, 273, 72498,                                                 72498, 14.981435775756836, 262.3551940917969
167, -2594.3005288243294, 2, 4.735527209999873, 114, 72612,                                                 72612, 14.66372013092041, 259.338623046875
168, 2203.293776869774, 1, 8.920003291000285, 216, 72828,                                                 72828, 13.674717903137207, 259.8843994140625
169, 1978.8902947306633, 1, 11.334057605999988, 273, 73101,                                                 73101, 13.727398872375488, 256.3697204589844
170, -2494.7596616744995, 2, 2.5285471860001962, 61, 73162,                                                 73162, 13.803671836853027, 261.7798156738281
171, 2392.857656300068, 1, 4.111556285000006, 98, 73260,                                                 73260, 14.329379081726074, 256.3836669921875
172, 1371.4915559738874, 1, 22.959464614000353, 572, 73832,                                                 73832, 14.839301109313965, 256.8597412109375
173, -3574.8314638137817, 2, 11.75717137499987, 290, 74122,                                                 74122, 13.887882232666016, 257.470703125
174, 2177.540251046419, 1, 10.730880983999668, 260, 74382,                                                 74382, 15.268705368041992, 255.4261474609375
175, -2790.9332863092422, 2, 5.335071804000108, 125, 74507,                                                 74507, 14.232804298400879, 253.69459533691406
176, 886.773080676794, 1, 24.166652384999907, 595, 75102,                                                 75102, 14.222221374511719, 255.5659637451172
177, -2428.0801745653152, 1, 25.390716885000074, 618, 75720,                                                 75720, 14.286107063293457, 257.04400634765625
178, -2885.931808590889, 2, 3.509759180999936, 78, 75798,                                                 75798, 13.555046081542969, 261.9876403808594
179, -3277.7182054519653, 3, 12.154136488999939, 294, 76092,                                                 76092, 15.24932861328125, 259.4542236328125
180, -171.52623510360718, 1, 15.136930930999824, 361, 76453,                                                 76453, 13.681207656860352, 257.8739929199219
181, -4469.22702229023, 2, 15.969208040000012, 392, 76845,                                                 76845, 14.630680084228516, 259.7367248535156
182, -3353.4481523036957, 2, 10.935114617999716, 263, 77108,                                                 77108, 15.919955253601074, 259.4847412109375
183, 1235.3522651195526, 1, 17.172463418999996, 411, 77519,                                                 77519, 14.934638977050781, 260.1665344238281
184, 1301.4572239518166, 1, 11.327954528000191, 273, 77792,                                                 77792, 16.466854095458984, 260.7751770019531
185, -143.6510689854622, 1, 26.58457169500025, 636, 78428,                                                 78428, 15.277963638305664, 259.61639404296875
186, -5246.51984167099, 2, 24.768551338999714, 601, 79029,                                                 79029, 15.065665245056152, 262.6256408691406
187, 2161.721713244915, 1, 9.355064902000322, 225, 79254,                                                 79254, 15.252769470214844, 259.8124694824219
188, -3.036471724510193, 1, 17.94431438699985, 434, 79688,                                                 79688, 15.083477973937988, 259.22894287109375
189, 1417.244880437851, 1, 8.541213072000119, 210, 79898,                                                 79898, 14.942313194274902, 259.50750732421875
190, -705.101740449667, 1, 21.352944826999646, 521, 80419,                                                 80419, 14.913058280944824, 257.2662658691406
191, -3919.5505726337433, 2, 6.14596037299998, 152, 80571,                                                 80571, 14.795842170715332, 257.919921875
192, -3180.4228208065033, 2, 10.730560808000064, 257, 80828,                                                 80828, 15.42221450805664, 258.79974365234375
193, 222.25723817944527, 1, 27.574073324999972, 556, 81384,                                                 81384, 14.743790626525879, 258.01593017578125
194, -3020.992967247963, 2, 5.542003316999853, 124, 81508,                                                 81508, 15.0889310836792, 259.63934326171875
195, 1976.6171343922615, 1, 14.548484634000033, 258, 81766,                                                 81766, 15.053900718688965, 259.472412109375
196, -4220.68582713604, 2, 31.807122810999772, 604, 82370,                                                 82370, 15.303771018981934, 258.7196960449219
197, -2648.1645523905754, 3, 12.136269650000031, 239, 82609,                                                 82609, 14.270254135131836, 258.2200012207031
198, 2131.474234521389, 1, 10.778560067999933, 221, 82830,                                                 82830, 15.753771781921387, 259.9117431640625
199, 632.5730836391449, 1, 18.544165464999878, 375, 83205,                                                 83205, 15.273484230041504, 260.06390380859375
200, -4451.692764520645, 3, 17.7482688770001, 375, 83580,                                                 83580, 15.126333236694336, 259.5608215332031
201, 2264.305151194334, 1, 6.378172474000166, 141, 83721,                                                 83721, 14.77967643737793, 261.4070129394531
202, -3004.686550617218, 2, 5.14406806199986, 106, 83827,                                                 83827, 15.857061386108398, 261.7691345214844
203, -3656.242991745472, 2, 10.745882073999837, 260, 84087,                                                 84087, 14.841873168945312, 258.1929626464844
204, 1938.4614940285683, 1, 15.13994086599996, 362, 84449,                                                 84449, 15.67510986328125, 260.35308837890625
205, -5584.70190936327, 2, 33.807567326000026, 823, 85272,                                                 85272, 15.617215156555176, 258.8150329589844
206, -2526.1875688433647, 3, 9.323490286000379, 221, 85493,                                                 85493, 15.76248836517334, 259.5881042480469
207, -6514.900861978531, 2, 14.143039742999918, 337, 85830,                                                 85830, 15.545061111450195, 260.06341552734375
208, -3371.3116684556007, 3, 12.590539386999808, 291, 86121,                                                 86121, 15.245050430297852, 262.33404541015625
209, 1271.86899548769, 1, 14.76914653699987, 308, 86429,                                                 86429, 16.103151321411133, 259.2001953125
210, -3447.23366856575, 2, 8.550753963999796, 176, 86605,                                                 86605, 14.990752220153809, 263.6888732910156
211, 1251.2346249818802, 1, 10.972564947000137, 234, 86839,                                                 86839, 14.52914047241211, 258.3442687988281
212, -3850.030501842499, 2, 20.55625015700025, 444, 87283,                                                 87283, 16.26609992980957, 261.78729248046875
213, 1373.6892040371895, 1, 10.763390596000136, 231, 87514,                                                 87514, 15.018682479858398, 259.92010498046875
214, 350.3669605255127, 1, 38.81120913900031, 836, 88350,                                                 88350, 15.546481132507324, 261.2992248535156
215, -2356.567361831665, 3, 2.9155067400001826, 55, 88405,                                                 88405, 15.342016220092773, 261.7895812988281
216, 2254.0151714086533, 1, 6.722310430000107, 136, 88541,                                                 88541, 15.729535102844238, 261.336181640625
217, -693.0655923783779, 1, 27.57515827599991, 591, 89132,                                                 89132, 15.699435234069824, 261.80133056640625
218, -2350.5169603824615, 2, 2.714586610999959, 52, 89184,                                                 89184, 16.25761604309082, 258.9196472167969
219, -2879.9699262976646, 3, 12.937372275000143, 274, 89458,                                                 89458, 17.163745880126953, 262.8324279785156
220, 2287.4301982820034, 1, 8.546200217000205, 184, 89642,                                                 89642, 15.285399436950684, 261.3980407714844
221, -134.18332907557487, 1, 20.161878073000025, 423, 90065,                                                 90065, 15.455476760864258, 262.36383056640625
222, -2645.1027907133102, 2, 5.34315909399993, 113, 90178,                                                 90178, 16.607389450073242, 261.6612854003906
223, 2398.2327073812485, 1, 4.314797563000411, 87, 90265,                                                 90265, 15.921977043151855, 258.70379638671875
224, -2616.2348623275757, 2, 3.332835900000191, 71, 90336,                                                 90336, 17.587291717529297, 258.7992858886719
225, 1827.4337112009525, 1, 17.54854675100023, 373, 90709,                                                 90709, 16.56770896911621, 262.2489929199219
226, -3790.7319182157516, 2, 10.556788400000187, 228, 90937,                                                 90937, 17.100811004638672, 261.4735107421875
227, 2165.204743027687, 1, 11.533003089999966, 244, 91181,                                                 91181, 17.290271759033203, 264.5660095214844
228, -3354.233285307884, 3, 13.969222757999887, 301, 91482,                                                 91482, 16.889970779418945, 262.43255615234375
229, 1842.0370779335499, 1, 15.739303641999868, 337, 91819,                                                 91819, 16.212217330932617, 260.6286926269531
230, -5012.978429555893, 2, 30.427460897999936, 656, 92475,                                                 92475, 16.065834045410156, 262.58721923828125
231, 2093.2188692092896, 1, 8.921101763000024, 186, 92661,                                                 92661, 15.93631362915039, 263.5268249511719
232, -2662.9256764650345, 3, 4.339067072000034, 92, 92753,                                                 92753, 16.052446365356445, 261.9571838378906
233, -2838.017042160034, 2, 11.33139290300005, 238, 92991,                                                 92991, 16.858713150024414, 261.48736572265625
234, -2584.6063893437386, 2, 9.566297588999987, 207, 93198,                                                 93198, 17.581501007080078, 263.9457702636719
235, -3542.347221136093, 2, 13.74387660299999, 291, 93489,                                                 93489, 16.041353225708008, 261.70947265625
236, -3194.1139815449715, 2, 10.372022557000491, 223, 93712,                                                 93712, 17.198078155517578, 260.85614013671875
237, 2063.5993687808514, 1, 9.526373907000561, 199, 93911,                                                 93911, 17.14898109436035, 261.5963439941406
238, -3726.7635902166367, 2, 19.76254360999974, 414, 94325,                                                 94325, 16.519065856933594, 262.2843933105469
239, 2401.209050953388, 1, 4.516711862999728, 90, 94415,                                                 94415, 14.862853050231934, 265.0378112792969
240, 1568.7210020124912, 1, 18.58546665099948, 399, 94814,                                                 94814, 16.487600326538086, 264.1958312988281
241, -7262.0560129880905, 2, 28.768708836999394, 613, 95427,                                                 95427, 17.062808990478516, 266.2319641113281
242, 2135.244340956211, 1, 7.519802449999588, 159, 95586,                                                 95586, 16.7371826171875, 267.2019958496094
243, 2096.8494052886963, 1, 11.166211394999664, 231, 95817,                                                 95817, 15.913190841674805, 266.4877014160156
244, -195.34203299880028, 1, 25.369147521999366, 537, 96354,                                                 96354, 16.334012985229492, 266.35247802734375
245, -6873.639036655426, 2, 36.22743378300038, 781, 97135,                                                 97135, 16.802574157714844, 267.6025390625
246, 1739.6955125927925, 1, 17.150215642999683, 366, 97501,                                                 97501, 16.496015548706055, 267.465576171875
247, -218.80165588855743, 1, 38.41266802799964, 869, 98370,                                                 98370, 17.32353973388672, 268.2369689941406
248, -2889.243091583252, 3, 1.5076993940001557, 30, 98400,                                                 98400, 18.249086380004883, 275.06134033203125
249, 2401.459290742874, 1, 4.715091727000072, 106, 98506,                                                 98506, 17.396102905273438, 269.0967102050781
250, -5750.73871332407, 2, 33.19087637600023, 774, 99280,                                                 99280, 17.03226661682129, 270.41845703125
251, -3326.0461807847023, 3, 13.757567880999886, 326, 99606,                                                 99606, 17.019826889038086, 271.48870849609375
252, -3719.970680475235, 3, 19.153298449999966, 443, 100049,                                                 100049, 17.83928108215332, 273.4025573730469
253, 2220.850011974573, 1, 10.951210562000597, 248, 100297,                                                 100297, 16.330303192138672, 274.2044372558594
254, 375.08646750450134, 1, 14.337725456000044, 333, 100630,                                                 100630, 17.389665603637695, 273.2915954589844
255, 831.9903537631035, 1, 22.592839834000188, 532, 101162,                                                 101162, 17.64215660095215, 272.677490234375
256, 184.74484956264496, 1, 19.14926881700012, 445, 101607,                                                 101607, 17.20022964477539, 273.4759216308594
257, 808.4485302567482, 1, 21.984560240000064, 502, 102109,                                                 102109, 17.756717681884766, 273.9772033691406
258, -5631.443710684776, 4, 51.06372545799968, 1176, 103285,                                                 103285, 17.426097869873047, 274.2559814453125
259, -2600.006973028183, 2, 8.949578145000487, 205, 103490,                                                 103490, 17.256717681884766, 275.3248291015625
260, 1598.7500226199627, 1, 14.943589894999604, 343, 103833,                                                 103833, 15.709446907043457, 274.1981201171875
261, -983.4273135066032, 1, 38.22890429800009, 900, 104733,                                                 104733, 17.654586791992188, 275.1309509277344
262, 1012.3125841021538, 1, 21.150450617000388, 510, 105243,                                                 105243, 17.606712341308594, 276.9500732421875
263, 1709.276150122285, 1, 20.554662550000103, 496, 105739,                                                 105739, 18.109268188476562, 276.6064453125
264, 1381.4468852877617, 1, 16.16343057499944, 393, 106132,                                                 106132, 18.013835906982422, 275.0963439941406
265, 1124.8308837413788, 1, 18.34561369400035, 443, 106575,                                                 106575, 17.902423858642578, 275.62310791015625
266, -6271.95597666502, 2, 30.196119539000392, 740, 107315,                                                 107315, 17.97154998779297, 273.7343444824219
267, -300.567311167717, 1, 14.338885297999695, 335, 107650,                                                 107650, 17.82564926147461, 274.2518310546875
268, -6059.96707201004, 2, 18.146789256000375, 438, 108088,                                                 108088, 18.183931350708008, 274.1770324707031
269, -7459.7726674079895, 2, 35.79116047500065, 870, 108958,                                                 108958, 17.787343978881836, 277.7251892089844
270, 1621.3864872455597, 1, 19.791883047000738, 482, 109440,                                                 109440, 17.16020965576172, 279.3077392578125
271, -5286.707980394363, 3, 23.764091354999437, 568, 110008,                                                 110008, 17.480039596557617, 277.10125732421875
272, 2430.059500902891, 1, 4.171544081999855, 88, 110096,                                                 110096, 16.349912643432617, 279.8585205078125
273, 1892.503700375557, 1, 20.780305076999866, 380, 110476,                                                 110476, 17.428428649902344, 275.4871826171875
274, -8408.981705605984, 2, 20.75496601499981, 493, 110969,                                                 110969, 18.03516960144043, 276.74761962890625
275, 2333.0895217359066, 1, 8.730136631999812, 165, 111134,                                                 111134, 18.024295806884766, 278.02239990234375
276, 2081.0578483343124, 1, 13.536291376000008, 220, 111354,                                                 111354, 17.531423568725586, 274.7957458496094
277, -3109.125398874283, 2, 3.3374723969991464, 81, 111435,                                                 111435, 17.74420166015625, 276.68841552734375
278, 1653.1890543699265, 1, 16.749873745000514, 406, 111841,                                                 111841, 18.66698455810547, 275.6787109375
279, -4170.525864332914, 4, 49.64922545300033, 1209, 113050,                                                 113050, 17.7210750579834, 275.6614074707031
280, 2130.496354699135, 1, 6.9165821299993695, 161, 113211,                                                 113211, 18.097240447998047, 276.7554931640625
281, 1171.765335470438, 1, 24.56471061100001, 594, 113805,                                                 113805, 17.741207122802734, 273.77288818359375
282, -3847.483223438263, 3, 12.76702623500023, 299, 114104,                                                 114104, 17.96176528930664, 272.6282653808594
283, 2149.7594211250544, 1, 7.7232202599998345, 179, 114283,                                                 114283, 18.272741317749023, 273.1315612792969
284, 2061.786096870899, 1, 11.942150902000321, 174, 114457,                                                 114457, 16.8056697845459, 271.0251770019531
285, 1613.4480131864548, 1, 23.566453315000217, 502, 114959,                                                 114959, 16.466154098510742, 272.3741455078125
286, 1550.5253058075905, 1, 21.763941717999842, 392, 115351,                                                 115351, 17.718530654907227, 271.0263671875
287, -175.48606792092323, 1, 35.8131565069998, 867, 116218,                                                 116218, 17.12953758239746, 268.9253234863281
288, -4151.934543251991, 3, 17.941610707999644, 425, 116643,                                                 116643, 17.76434326171875, 269.3668518066406
289, 2047.0153337717056, 1, 12.739223231000324, 223, 116866,                                                 116866, 16.48626708984375, 269.0909423828125
290, 2075.0499184131622, 1, 12.53569250000055, 251, 117117,                                                 117117, 16.03720474243164, 268.81982421875
291, -6850.447602212429, 3, 26.971934950000104, 649, 117766,                                                 117766, 16.83079719543457, 270.1559753417969
292, 2159.356798171997, 1, 7.925310500000705, 190, 117956,                                                 117956, 17.975648880004883, 269.3558654785156
293, 1859.2849480211735, 1, 17.376082139000573, 423, 118379,                                                 118379, 17.377756118774414, 269.3466796875
294, -3517.2182046175003, 3, 9.54652316300053, 220, 118599,                                                 118599, 18.250354766845703, 272.0883483886719
295, 2387.98710629344, 1, 4.5140485760002775, 104, 118703,                                                 118703, 18.688438415527344, 268.9486083984375
296, 1456.0600196123123, 1, 18.571860746999846, 453, 119156,                                                 119156, 17.427902221679688, 270.2157897949219
297, 381.84115144610405, 1, 28.370711174999997, 686, 119842,                                                 119842, 17.201148986816406, 269.68798828125
298, -3900.466535806656, 3, 4.917377306999697, 110, 119952,                                                 119952, 17.360095977783203, 269.9004211425781
299, 2108.9274245500565, 1, 7.744407411999418, 190, 120142,                                                 120142, 16.855772018432617, 270.9064636230469
300, -6273.450100243092, 3, 31.372419641000306, 757, 120899,                                                 120899, 17.018903732299805, 267.2578125
301, 2025.498650237918, 1, 13.075414695999825, 313, 121212,                                                 121212, 18.54646873474121, 267.22149658203125
302, 1734.322207286954, 1, 21.95354941000005, 531, 121743,                                                 121743, 17.56096649169922, 267.50738525390625
303, -2898.6009397506714, 3, 6.348276718999841, 143, 121886,                                                 121886, 17.47628402709961, 266.21923828125
304, 1908.0320324897766, 1, 11.153843881000284, 267, 122153,                                                 122153, 17.41193962097168, 263.73406982421875
305, -3672.5303171873093, 3, 10.932277048999822, 260, 122413,                                                 122413, 16.242219924926758, 266.58282470703125
306, 2117.9289472699165, 1, 7.92451600000004, 186, 122599,                                                 122599, 17.14659309387207, 268.1109924316406
307, -2974.5385354161263, 3, 11.161412858999938, 271, 122870,                                                 122870, 17.904056549072266, 264.97528076171875
308, 1020.4114251732826, 1, 23.355559652999546, 563, 123433,                                                 123433, 17.16543197631836, 265.46221923828125
309, 1508.5953024029732, 1, 22.985063885999807, 561, 123994,                                                 123994, 16.589435577392578, 265.6545715332031
310, 1369.583941012621, 1, 19.773833164999814, 475, 124469,                                                 124469, 16.972007751464844, 263.59136962890625
311, -238.52001455426216, 1, 22.758015698000236, 555, 125024,                                                 125024, 17.23700523376465, 264.0002136230469
312, -2469.243989467621, 2, 3.1113691669997934, 67, 125091,                                                 125091, 15.860047340393066, 268.3228759765625
313, 2126.8998520970345, 1, 8.319594964999851, 197, 125288,                                                 125288, 18.002241134643555, 264.12982177734375
314, 1714.2721481621265, 1, 15.945303800000147, 384, 125672,                                                 125672, 17.228830337524414, 263.1592712402344
315, 1483.2240576446056, 1, 18.74603545899936, 451, 126123,                                                 126123, 16.88340950012207, 264.58673095703125
316, 1557.0114740133286, 1, 19.957353401000546, 471, 126594,                                                 126594, 17.026630401611328, 262.13787841796875
317, 919.2803130745888, 1, 25.575177091000114, 600, 127194,                                                 127194, 16.66826820373535, 260.68328857421875
318, -2125.2923637628555, 5, 26.56507519600018, 622, 127816,                                                 127816, 16.8411808013916, 261.4554748535156
319, -589.064178109169, 5, 10.933004169000014, 251, 128067,                                                 128067, 16.593910217285156, 263.44586181640625
320, 2097.0963451862335, 1, 11.534138331000577, 259, 128326,                                                 128326, 16.280467987060547, 260.4688415527344
321, -678.9212929606438, 5, 21.560932774999856, 500, 128826,                                                 128826, 16.44204330444336, 261.79498291015625
322, -303.48754581809044, 5, 9.548180865000177, 220, 129046,                                                 129046, 17.186344146728516, 264.7439880371094
323, -441.8671068549156, 5, 11.328707996000048, 263, 129309,                                                 129309, 17.46935272216797, 261.49951171875
324, 2242.4708214998245, 1, 8.725449823000417, 199, 129508,                                                 129508, 16.85220718383789, 260.45098876953125
325, -377.2465589046478, 5, 5.119087529999888, 113, 129621,                                                 129621, 17.324499130249023, 263.3963317871094
326, -498.8347145318985, 5, 9.927373176999936, 228, 129849,                                                 129849, 17.33759307861328, 263.782470703125
327, -449.582168340683, 5, 8.121976938999978, 183, 130032,                                                 130032, 17.792625427246094, 262.6414489746094
328, 2155.2438749074936, 1, 6.922687524000139, 155, 130187,                                                 130187, 17.64200210571289, 263.3584289550781
329, -758.278163433075, 5, 9.531889931000478, 217, 130404,                                                 130404, 17.0177001953125, 263.65557861328125
330, 2068.0840414762497, 1, 12.537210376000075, 288, 130692,                                                 130692, 16.98980140686035, 262.9279479980469
331, -438.0307102203369, 5, 7.52353033899999, 169, 130861,                                                 130861, 17.145273208618164, 263.6261901855469
332, 2188.9777571558952, 1, 11.932342391999555, 269, 131130,                                                 131130, 16.40325355529785, 262.4742126464844
333, -344.21503442525864, 5, 6.949161300000014, 159, 131289,                                                 131289, 16.867414474487305, 260.849609375
334, -343.8110746741295, 5, 9.924832917999993, 227, 131516,                                                 131516, 15.620402336120605, 263.52606201171875
335, -282.79431906342506, 5, 10.551873327000067, 230, 131746,                                                 131746, 16.646453857421875, 262.2420654296875
336, -352.73163878917694, 5, 11.333367687000646, 254, 132000,                                                 132000, 16.4949893951416, 262.972900390625
337, -350.416463971138, 5, 6.142967230999602, 130, 132130,                                                 132130, 15.891900062561035, 262.3648376464844
338, -351.3494828939438, 5, 8.72058042199933, 198, 132328,                                                 132328, 17.239368438720703, 261.2178039550781
339, 1923.5677856206894, 1, 16.97906854700068, 384, 132712,                                                 132712, 17.124296188354492, 261.0171813964844
340, -350.9168906211853, 5, 3.912627054999575, 85, 132797,                                                 132797, 15.687349319458008, 263.7530212402344
341, -1420.004359960556, 5, 21.554762675999882, 496, 133293,                                                 133293, 17.489032745361328, 264.9776306152344
342, -1343.7339094877243, 5, 25.166834397000457, 582, 133875,                                                 133875, 16.416223526000977, 262.6698303222656
343, -557.9930705428123, 5, 13.73327436100044, 316, 134191,                                                 134191, 16.608972549438477, 262.82183837890625
344, -589.3850053548813, 5, 10.733215597999333, 248, 134439,                                                 134439, 16.82171630859375, 264.08551025390625
345, -152.6837494969368, 5, 5.716487182000492, 127, 134566,                                                 134566, 15.470429420471191, 262.8829345703125
346, -398.716327726841, 5, 9.729925683999681, 216, 134782,                                                 134782, 15.565258026123047, 262.79925537109375
347, 1898.9811072349548, 1, 11.930323470000076, 273, 135055,                                                 135055, 16.085994720458984, 263.4631652832031
348, -824.0719088315964, 5, 14.739968357999714, 340, 135395,                                                 135395, 16.168535232543945, 262.7509765625
349, -1163.1521799564362, 5, 21.356680471999425, 491, 135886,                                                 135886, 15.939013481140137, 264.8597106933594
350, -482.5906710624695, 5, 11.729658234999988, 268, 136154,                                                 136154, 16.18764877319336, 264.5715026855469
351, -792.8081926107407, 5, 14.155878333000146, 329, 136483,                                                 136483, 15.762813568115234, 262.734130859375
352, 2094.357889652252, 1, 11.132610802999807, 255, 136738,                                                 136738, 14.890419960021973, 263.69659423828125
353, -263.6409842967987, 5, 3.111070388999906, 69, 136807,                                                 136807, 15.665875434875488, 263.2037353515625
354, -1015.246929705143, 5, 20.95872128799965, 482, 137289,                                                 137289, 16.499685287475586, 261.9292297363281
355, -314.3988329768181, 5, 8.750091066000095, 194, 137483,                                                 137483, 14.639288902282715, 262.8013000488281
356, 1720.5615913271904, 1, 16.344785811999827, 382, 137865,                                                 137865, 16.10961151123047, 262.5939025878906
357, -752.512758076191, 5, 18.55602928099961, 432, 138297,                                                 138297, 15.34739875793457, 263.2862243652344
358, 2121.309831738472, 1, 8.92638332399929, 205, 138502,                                                 138502, 15.380274772644043, 264.9888000488281
359, -206.0228841304779, 5, 3.913438481999947, 83, 138585,                                                 138585, 13.679269790649414, 264.6568908691406
360, -570.3048211932182, 5, 13.151737569999568, 299, 138884,                                                 138884, 16.0926456451416, 263.09625244140625
361, -256.9757869243622, 5, 9.12738714399984, 208, 139092,                                                 139092, 15.860634803771973, 261.90618896484375
362, 2021.6324607431889, 1, 12.93736312799956, 304, 139396,                                                 139396, 14.78466796875, 262.6151123046875
363, -404.82529497146606, 5, 4.712999080999907, 103, 139499,                                                 139499, 15.561163902282715, 260.9938049316406
364, 1902.8165390193462, 1, 13.940950602000157, 323, 139822,                                                 139822, 15.754301071166992, 263.5574035644531
365, -319.13885736465454, 5, 4.716328725000494, 105, 139927,                                                 139927, 15.545042037963867, 258.5577392578125
366, 2406.1518130898476, 1, 4.515191186000266, 98, 140025,                                                 140025, 14.875061988830566, 264.3392639160156
367, 2125.3604883551598, 1, 9.125375772999178, 213, 140238,                                                 140238, 14.78892707824707, 261.9010009765625
368, 2147.310101956129, 1, 10.530705709000358, 242, 140480,                                                 140480, 14.924362182617188, 262.8499450683594
369, -251.5291838645935, 5, 3.9116502480001145, 87, 140567,                                                 140567, 15.097131729125977, 258.7463073730469
370, 2403.0539296269417, 1, 4.316869921999569, 99, 140666,                                                 140666, 17.056652069091797, 261.5225830078125
371, -945.3825832009315, 5, 18.949984724999922, 444, 141110,                                                 141110, 15.97465705871582, 261.0498962402344
372, 2056.787892997265, 1, 11.932133850000355, 277, 141387,                                                 141387, 15.492973327636719, 261.7784118652344
373, -105.93950939178467, 5, 1.506121398000687, 30, 141417,                                                 141417, 14.590539932250977, 256.8381042480469
374, -371.3690631687641, 5, 11.933718977999888, 278, 141695,                                                 141695, 16.071508407592773, 262.92950439453125
375, -883.5122435688972, 5, 16.14404821199969, 379, 142074,                                                 142074, 16.261878967285156, 261.3769226074219
376, 2252.1969271600246, 1, 6.318093017999672, 144, 142218,                                                 142218, 18.018465042114258, 266.419677734375
377, -351.67709892988205, 5, 8.525375926000379, 192, 142410,                                                 142410, 15.91793155670166, 260.0087585449219
378, -128.28820499777794, 5, 5.518772876000185, 125, 142535,                                                 142535, 16.821855545043945, 261.2962951660156
379, 1965.1281625628471, 1, 11.533004081999934, 268, 142803,                                                 142803, 15.503702163696289, 259.64971923828125
380, -393.1559882760048, 5, 8.524787670000478, 196, 142999,                                                 142999, 15.539586067199707, 260.4129333496094
381, 2400.393358230591, 1, 4.513645224000356, 100, 143099,                                                 143099, 15.512621879577637, 259.1987609863281
382, -260.923278093338, 5, 3.7411947989994587, 73, 143172,                                                 143172, 16.10079002380371, 263.51995849609375
383, 2179.964194417, 1, 10.533223621999241, 246, 143418,                                                 143418, 17.57517433166504, 260.5597839355469
384, -231.93769443035126, 5, 3.711723753000115, 80, 143498,                                                 143498, 16.393943786621094, 260.77154541015625
385, 2155.893023058772, 1, 10.744217491999734, 250, 143748,                                                 143748, 16.03675079345703, 261.6605224609375
386, -231.4657919406891, 5, 3.1105589150001833, 66, 143814,                                                 143814, 13.209869384765625, 262.61126708984375
387, 2154.0649649500847, 1, 7.3192177079999965, 172, 143986,                                                 143986, 15.570923805236816, 259.9024658203125
388, -300.71266651153564, 5, 4.115323443000307, 95, 144081,                                                 144081, 14.808897018432617, 258.8166809082031
389, -172.46874916553497, 5, 5.718459617000008, 132, 144213,                                                 144213, 16.630809783935547, 261.8094787597656
390, 2109.7505838871, 1, 11.131536339999911, 258, 144471,                                                 144471, 17.229310989379883, 260.326904296875
391, -363.2218086719513, 5, 4.714225503000307, 104, 144575,                                                 144575, 14.676169395446777, 259.1573791503906
392, 1881.0565276145935, 1, 11.332272010999986, 268, 144843,                                                 144843, 16.03346824645996, 261.2933044433594
393, -226.35739541053772, 5, 2.9098400850007238, 64, 144907,                                                 144907, 14.49120807647705, 256.7813720703125
394, -557.7314957380295, 5, 12.740711689999443, 293, 145200,                                                 145200, 15.891186714172363, 257.931396484375
395, 2135.6070869266987, 1, 10.746099371000128, 234, 145434,                                                 145434, 16.11790657043457, 259.83074951171875
396, -199.3157238960266, 5, 2.9321970419996433, 65, 145499,                                                 145499, 17.7399845123291, 257.1199035644531
397, -155.53426033258438, 5, 5.312951294000413, 117, 145616,                                                 145616, 14.604887008666992, 263.32666015625
398, 2174.1336436271667, 1, 9.728199739999582, 224, 145840,                                                 145840, 15.22154712677002, 260.30548095703125
399, -342.65902453660965, 5, 8.323620467999717, 186, 146026,                                                 146026, 15.656730651855469, 257.4496154785156
400, -340.92017102241516, 5, 9.582537717999912, 210, 146236,                                                 146236, 16.649446487426758, 258.0631103515625
401, 2181.5944640636444, 1, 13.374896150000495, 280, 146516,                                                 146516, 15.89014720916748, 256.1042785644531
