episode, reward, success, duration, steps, total_steps, memory length, avg_critic_loss, avg_actor_loss
401, -3.7146663665771484, 4, 0.4470198920007533, 1, 146237,                                                 146237, 9.255593299865723, 280.2984924316406
402, 2125.8531061410904, 1, 7.725718751999921, 193, 146430,                                                 146430, 16.19858741760254, 256.3637390136719
403, 1435.6232402026653, 1, 21.367393313999855, 558, 146988,                                                 146988, 16.216197967529297, 256.68560791015625
404, 2002.9794859290123, 1, 11.735413698999764, 303, 147291,                                                 147291, 15.127745628356934, 256.4924621582031
405, 754.7155544161797, 1, 18.346891969000353, 491, 147782,                                                 147782, 15.831049919128418, 254.28256225585938
406, -336.3148370683193, 1, 36.99610225400011, 980, 148762,                                                 148762, 15.213139533996582, 252.5742950439453
407, -618.7499251961708, 1, 34.02569313300046, 911, 149673,                                                 149673, 15.517807960510254, 252.86695861816406
408, 2163.887624233961, 1, 8.749981904000379, 225, 149898,                                                 149898, 15.96773624420166, 253.16123962402344
409, 724.243453502655, 1, 17.147992617000455, 464, 150362,                                                 150362, 14.70783805847168, 252.47108459472656
410, 488.61912363767624, 1, 27.180988131999584, 723, 151085,                                                 151085, 14.987359046936035, 250.73394775390625
411, -2817.944446206093, 3, 8.542857110000114, 227, 151312,                                                 151312, 16.178176879882812, 252.70834350585938
412, 2208.596218943596, 1, 6.337755068000661, 163, 151475,                                                 151475, 16.139257431030273, 249.80438232421875
413, 1749.3572606146336, 1, 18.554142117999618, 481, 151956,                                                 151956, 15.34818172454834, 248.31732177734375
414, -1230.1633857786655, 1, 35.99825935299941, 967, 152923,                                                 152923, 15.057647705078125, 248.27294921875
415, -3121.558857679367, 2, 8.342902148000576, 210, 153133,                                                 153133, 14.252547264099121, 250.0071258544922
416, 2374.5353592038155, 1, 4.316037387000506, 108, 153241,                                                 153241, 15.681675910949707, 246.16461181640625
417, -5375.850006863475, 1, 48.023974869000085, 1282, 154523,                                                 154523, 15.22342300415039, 248.35105895996094
418, 602.2110334336758, 1, 25.993264984000234, 685, 155208,                                                 155208, 15.230497360229492, 247.5020294189453
419, 1439.6133113205433, 1, 17.356100134999906, 453, 155661,                                                 155661, 16.378969192504883, 247.70042419433594
420, 2205.1940312981606, 1, 9.128880111999933, 226, 155887,                                                 155887, 14.523421287536621, 244.90057373046875
421, -4261.8877058029175, 2, 26.981116169000416, 708, 156595,                                                 156595, 15.814977645874023, 245.80099487304688
422, 214.0274530351162, 1, 14.976426418999836, 395, 156990,                                                 156990, 14.915489196777344, 245.89610290527344
423, 2016.7053972780704, 1, 10.32828482199966, 272, 157262,                                                 157262, 14.36961555480957, 245.1715850830078
424, 1746.5765351355076, 1, 13.332468296000116, 342, 157604,                                                 157604, 16.074113845825195, 244.07196044921875
425, -3869.2688828110695, 3, 23.17060737799966, 615, 158219,                                                 158219, 15.660313606262207, 244.9832305908203
426, -2947.5610382556915, 2, 9.12806255400028, 234, 158453,                                                 158453, 14.594812393188477, 244.8302764892578
427, 2410.9531059265137, 1, 4.136306809999951, 105, 158558,                                                 158558, 15.489127159118652, 244.56402587890625
428, -7660.426277756691, 3, 23.36450669399983, 605, 159163,                                                 159163, 15.371999740600586, 243.26171875
429, 882.6246590018272, 1, 18.1495260720003, 473, 159636,                                                 159636, 14.93546199798584, 243.25796508789062
430, 1066.0351864397526, 1, 22.56421593899995, 590, 160226,                                                 160226, 14.753917694091797, 242.51080322265625
431, 1052.443541303277, 1, 20.77464909900027, 542, 160768,                                                 160768, 15.152810096740723, 240.93658447265625
432, 1957.96278847754, 1, 13.338206725000418, 345, 161113,                                                 161113, 15.866625785827637, 242.64244079589844
433, -4219.07973754406, 2, 26.80501877400002, 711, 161824,                                                 161824, 15.255560874938965, 239.7372283935547
434, 1629.5932331383228, 1, 18.150293439000052, 469, 162293,                                                 162293, 14.965446472167969, 239.005615234375
435, 1251.0737175494432, 1, 26.783232846999454, 649, 162942,                                                 162942, 14.446496963500977, 236.82699584960938
436, 1540.9493177235126, 1, 24.170406809999804, 595, 163537,                                                 163537, 13.96886157989502, 234.86546325683594
437, -1582.6838175058365, 1, 30.378146123999613, 770, 164307,                                                 164307, 14.525908470153809, 234.49391174316406
438, -2579.50430893898, 3, 1.742166123000061, 39, 164346,                                                 164346, 13.642685890197754, 235.1730499267578
439, 2126.042767494917, 1, 10.731172801999492, 265, 164611,                                                 164611, 15.237950325012207, 234.1735382080078
440, -3158.1885706186295, 3, 16.37718447000043, 400, 165011,                                                 165011, 14.20843505859375, 233.59384155273438
441, 2402.1280970573425, 1, 4.120218768999621, 95, 165106,                                                 165106, 12.776371955871582, 232.65098571777344
442, 2080.310234874487, 1, 9.329699304000314, 228, 165334,                                                 165334, 14.541123390197754, 233.99734497070312
443, -3115.842283666134, 3, 9.53774192399942, 237, 165571,                                                 165571, 14.844245910644531, 233.15618896484375
444, -2801.3343692421913, 2, 9.725141889000042, 245, 165816,                                                 165816, 14.70082950592041, 233.0488739013672
445, 1928.710253894329, 1, 12.750207892999242, 303, 166119,                                                 166119, 14.092291831970215, 230.23085021972656
446, 1913.3427995443344, 1, 9.952501886000391, 244, 166363,                                                 166363, 13.800215721130371, 231.23008728027344
447, 1986.9337704181671, 1, 12.536716435999551, 314, 166677,                                                 166677, 14.507509231567383, 232.5046844482422
448, 1101.213682770729, 1, 9.527270151000266, 229, 166906,                                                 166906, 14.74822998046875, 232.94920349121094
449, 900.2205927371979, 1, 18.14885677899929, 451, 167357,                                                 167357, 14.834906578063965, 232.3373260498047
450, 725.3847829699516, 1, 16.371912771000098, 403, 167760,                                                 167760, 14.710868835449219, 231.2924041748047
451, -309.8723447173834, 1, 31.592844993000654, 784, 168544,                                                 168544, 15.421830177307129, 230.7513427734375
452, -10005.025939553976, 3, 45.63119027200082, 1145, 169689,                                                 169689, 15.116374015808105, 230.04408264160156
453, 2398.011511027813, 1, 4.512483182000324, 107, 169796,                                                 169796, 12.62392807006836, 228.46531677246094
454, 1289.5836393237114, 1, 19.39734361599949, 492, 170288,                                                 170288, 14.350452423095703, 230.7574920654297
455, 2229.0735695958138, 1, 8.735873544999777, 212, 170500,                                                 170500, 15.087312698364258, 231.342529296875
456, -141.23259258270264, 1, 24.398518515999967, 612, 171112,                                                 171112, 14.821035385131836, 231.23228454589844
457, -785.8910971581936, 1, 25.97199461299988, 646, 171758,                                                 171758, 14.301981925964355, 230.31333923339844
458, -4221.666222393513, 2, 22.58493324400024, 553, 172311,                                                 172311, 14.79334831237793, 229.69546508789062
459, 2203.899445578456, 1, 9.731866178999553, 237, 172548,                                                 172548, 14.193886756896973, 228.56585693359375
460, -1043.5206580460072, 1, 29.992638933999842, 754, 173302,                                                 173302, 14.394966125488281, 227.59616088867188
461, 1882.549833059311, 1, 9.726921862000381, 235, 173537,                                                 173537, 14.826229095458984, 229.66836547851562
462, 520.2244880795479, 1, 24.209658886000398, 609, 174146,                                                 174146, 15.336092948913574, 229.0720672607422
463, 1062.8085296452045, 1, 15.553126957000131, 391, 174537,                                                 174537, 13.9700927734375, 229.160400390625
464, 1992.3837588131428, 1, 16.942249317999995, 424, 174961,                                                 174961, 15.466662406921387, 230.5654296875
465, 1235.1273247152567, 1, 23.969857070000216, 595, 175556,                                                 175556, 15.029943466186523, 228.9146270751953
466, 1221.019906565547, 1, 24.602540625000074, 624, 176180,                                                 176180, 15.041130065917969, 227.06890869140625
467, 120.06705111265182, 1, 23.377746690000095, 571, 176751,                                                 176751, 14.85159683227539, 228.96351623535156
468, 1750.082676410675, 1, 17.350544530999287, 437, 177188,                                                 177188, 15.228203773498535, 227.1889190673828
469, -684.4526141285896, 1, 21.772672695999972, 545, 177733,                                                 177733, 15.001026153564453, 226.54881286621094
470, 401.24059826135635, 1, 18.3488149220002, 454, 178187,                                                 178187, 15.47470760345459, 226.2495880126953
471, -128.5038195103407, 1, 34.21997589500006, 854, 179041,                                                 179041, 14.335299491882324, 225.79859924316406
472, -5286.889103770256, 3, 39.00283900699924, 979, 180020,                                                 180020, 14.218367576599121, 225.19540405273438
473, 2408.4231904149055, 1, 4.311085725001249, 102, 180122,                                                 180122, 14.061864852905273, 221.9408721923828
474, 1310.9785388410091, 1, 15.371518140998887, 387, 180509,                                                 180509, 13.498143196105957, 224.42019653320312
475, 1221.5227185487747, 1, 12.353767784999945, 298, 180807,                                                 180807, 13.6015043258667, 221.4264373779297
476, 1372.9564554691315, 1, 14.335068145999685, 353, 181160,                                                 181160, 14.459254264831543, 223.3556365966797
477, -2963.8321404457092, 3, 4.345340228999703, 97, 181257,                                                 181257, 15.147941589355469, 223.51022338867188
478, 2086.2444164156914, 1, 8.333398237000438, 208, 181465,                                                 181465, 14.757570266723633, 222.26966857910156
479, -2769.889402627945, 2, 5.115520302000732, 124, 181589,                                                 181589, 15.47193717956543, 221.94927978515625
480, -3306.282151222229, 2, 10.124831044999155, 246, 181835,                                                 181835, 14.761001586914062, 224.92359924316406
481, -2879.6163571476936, 3, 12.5563485269995, 312, 182147,                                                 182147, 13.87177562713623, 222.57652282714844
482, 1653.122478544712, 1, 10.528918119998707, 252, 182399,                                                 182399, 13.955615997314453, 224.84429931640625
483, 1531.3537213206291, 1, 20.189140963999307, 498, 182897,                                                 182897, 14.430355072021484, 223.43557739257812
484, 380.6750548183918, 1, 28.57554201899984, 697, 183594,                                                 183594, 14.469534873962402, 222.5503692626953
485, 222.2922674715519, 1, 18.748217821999788, 467, 184061,                                                 184061, 13.851847648620605, 221.35333251953125
486, 573.7573848664761, 1, 23.810281608000878, 598, 184659,                                                 184659, 13.880879402160645, 222.70225524902344
487, -5433.333843588829, 2, 43.215825256000244, 1085, 185744,                                                 185744, 14.263903617858887, 222.581298828125
488, -2658.992222905159, 2, 9.929265754999506, 241, 185985,                                                 185985, 13.602516174316406, 222.22360229492188
489, 1767.7709451317787, 1, 15.544799471999795, 369, 186354,                                                 186354, 14.875741958618164, 221.56472778320312
490, 850.0907642245293, 1, 19.958686474001297, 495, 186849,                                                 186849, 15.480422973632812, 221.83526611328125
491, -521.1961116194725, 1, 31.619093274999614, 797, 187646,                                                 187646, 14.026495933532715, 220.8241424560547
492, 848.2589632868767, 1, 20.76260641099907, 520, 188166,                                                 188166, 14.30542278289795, 221.02609252929688
493, 418.09575441479683, 1, 38.056666542999665, 850, 189016,                                                 189016, 14.444140434265137, 220.24378967285156
494, -2552.0667536258698, 2, 5.519700331999047, 128, 189144,                                                 189144, 14.415901184082031, 221.1026611328125
495, 688.6267514824867, 1, 24.20117723400108, 578, 189722,                                                 189722, 13.972164154052734, 220.52822875976562
496, -4332.882964015007, 2, 27.993692776999524, 584, 190306,                                                 190306, 14.143658638000488, 219.8617401123047
497, 2270.8993124961853, 1, 8.322839765998651, 192, 190498,                                                 190498, 13.762950897216797, 219.48597717285156
498, 1522.6204319298267, 1, 16.152249795999523, 401, 190899,                                                 190899, 14.337503433227539, 219.2865447998047
499, 1999.7664167881012, 1, 8.346208644999933, 213, 191112,                                                 191112, 13.633645057678223, 217.30361938476562
500, 1785.2064990401268, 1, 9.52616198099895, 235, 191347,                                                 191347, 13.612353324890137, 217.7847137451172
501, 2178.2289155721664, 1, 9.44841349499984, 236, 191583,                                                 191583, 12.883464813232422, 218.6934814453125
502, 191.14275920391083, 1, 27.180022119999194, 691, 192274,                                                 192274, 14.03304672241211, 218.42071533203125
503, -2092.071554392576, 1, 39.44021698799952, 904, 193178,                                                 193178, 14.274078369140625, 219.14431762695312
504, 907.3231737017632, 1, 26.374896760999036, 606, 193784,                                                 193784, 14.249102592468262, 220.14137268066406
505, 1179.863718599081, 1, 22.160724985000343, 501, 194285,                                                 194285, 14.262686729431152, 217.9468231201172
